feasible
54200
53000
53800
38800
42000
41600
38800
39600
36800
39600
36400
37200
38800
61200
58000
74600
75400
74600
72600
92600
74200
71000
56800
54400
55600
56800
59200
57600
59600
58400
56000
56000
56000
56000
56800
56800
57600
57600
76800
78000
77600
78400
64600
63400
63400
63400
63800
61400
61400
79000
81000
83400
83800
81800
65400
64200
63400
62600
62600
62600
62600
61000
61000
60200
61800
60600
59000
60600
59000
59400
60600
75600
77200
80200
83400
64200
65400
63800
63000
65400
63000
63800
63000
63800
59000
59400
59400
61000
61800
61800
60200
60600
59800
59000
59800
59000
59000
60600
75600
90400
92000
74000
73200
73200
74000
73200
74000
74000
54000
52800
54400
53600
56800
56000
56800
38400
37200
38000
23400
25000
58000
38800
39600
38800
38000
36400
18600
17800
18600
16600
15800
17400
18600
17400
19800
21200
21200
22000
43600
44400
42800
42800
41200
28000
25600
25600
26800
6000
6000
5200
5200
5200
5200
5200
5200
5200
5200
4400
4000
3200
3200
2400
2400
2400
2400
2400
2400
2400
2400
2400
2400
2400
2400
2400
2400
2400
2400
2400
1600
1600
1600
1600
1600
1600
1600
1600
1600
1600
1600
800
800
800
800
800
800
800
800
800
800
800
800
800
800
800
800
800
800
800
800
800
800
800
800
800
800
800
800
800
800
800
800
800
800
800
800
800
800
800
800
800
800
800
