54193
52993
53798
38798
41998
41598
38798
39598
36799
39598
36399
37199
38799
61199
57999
74599
75399
74599
72599
92599
74199
70999
56799
54399
55599
56799
59199
57599
59599
58399
55999
55999
55999
55999
56799
56799
57599
57599
76799
77999
77599
78399
64599
63399
63399
63399
63799
61399
61399
78999
80999
83399
83799
81799
65399
64199
63399
62599
62599
62599
62599
60999
60999
60199
61799
60599
58999
60599
58999
59399
60599
75599
77199
80199
83399
64199
65399
63799
62999
65399
62999
63799
62999
63799
58999
59399
59399
60999
61799
61799
60199
60599
59799
58999
59799
58999
58999
60599
75599
90399
91999
73999
73199
73199
73999
73199
73999
73999
53999
52799
54399
53599
56799
55999
56799
38399
37199
37999
23399
24999
57999
38799
39599
38799
37999
36399
18599
17799
18599
16599
15799
17399
18599
17399
19799
21199
21199
21999
43599
44399
42799
42799
41199
27999
25599
25599
26799
5999
5999
5199
5199
5199
5199
5199
5199
5199
5199
4399
3999
3199
3199
2399
2399
2399
2399
2399
2399
2399
2399
2399
2399
2399
2399
2399
2399
2399
2399
2399
1599
1599
1599
1599
1599
1599
1599
1599
1599
1599
1599
799
799
799
799
799
799
799
799
799
799
799
799
799
799
799
799
799
799
799
799
799
799
799
799
799
799
799
799
799
799
799
799
799
799
799
799
799
799
799
799
799
799
799
0
