feasible
38600
37400
20000
24400
24400
4400
2647400
2503000
2390200
2158000
1930400
1594000
1368000
1230400
998000
850000
726000
668800
667200
667200
667600
595200
596000
595200
486000
374000
375200
363600
365200
364400
365200
366800
366000
359800
297200
198600
198600
197200
198000
92400
94000
93200
92400
91600
76000
75200
76600
80600
83000
78400
65800
65000
63000
63000
63000
63000
61400
59800
60600
61800
17400
18800
18200
17800
18600
19000
17800
21000
21000
22600
21800
21000
21800
41000
42200
42200
41400
41400
40600
40600
41800
25000
26600
25000
26200
24200
21400
20600
20600
23000
22200
21400
18200
16600
18200
19800
19800
19800
22200
20600
5600
5600
5600
5600
5600
5600
5600
5600
5600
5600
5600
4800
4000
4000
4000
4000
4000
4000
3200
3200
3200
3200
3200
3200
3200
1600
800
800
800
800
800
800
800
800
800
800
800
800
800
