# Data file
# Master Thesis: Work Distribution of a Heterogeneous Library Staff - A Personnel Task Scheduling Problem
# Master Students: Claes Arvidson and Emelie Karlsson
# First version: 2016-02-09


### Sets ###
set D := 1 2 3 4 5 6 7; #Set of days in a week
set W := 1 2 3 4 5; #Set of weeks
set I := 1 2 3 4 5; #Set of staff
set S := 1 2 3 4; #Set of out shifts in a day
set J{S} := 1 2 3; #Set of total outer tasks at a shift S, Exp, Info + plocklista
set  J := 1..420; #Set of all outer tasks 3*4*7*5


### Parameters ###
param	skill	:=
	1		1
	2		0
	3		1
	4		0
hello world
param	avail	:=
	1 1 1 1 1
	1 1 1 2 1
	1 1 1 3 1
	1 1 1 4 0
	1 1 2 1 1
	1 1 2 2 1
	1 1 2 3 1
	1 1 2 4 1
	1 1 3 1 1
	1 1 3 2 1
	1 1 3 3 1
	1 1 3 4 0
	1 1 4 1 1
	1 1 4 2 1
	1 1 4 3 1
	1 1 4 4 0
	1 1 5 1 1
	1 1 5 2 1
	1 1 5 3 1
	1 1 5 4 0
	1 2 1 1 1
	1 2 1 2 1
	1 2 1 3 1
	1 2 1 4 0
	1 2 2 1 1
	1 2 2 2 1
	1 2 2 3 1
	1 2 2 4 1
	1 2 3 1 1
	1 2 3 2 1
	1 2 3 3 1
	1 2 3 4 0
	1 2 4 1 1
	1 2 4 2 1
	1 2 4 3 1
	1 2 4 4 0
	1 2 5 1 1
	1 2 5 2 1
	1 2 5 3 1
	1 2 5 4 0
	2 1 1 1 1
	2 1 1 2 1
	2 1 1 3 1
	2 1 1 4 0
	2 1 2 1 1
	2 1 2 2 1
	2 1 2 3 1
	2 1 2 4 1
	2 1 3 1 1
	2 1 3 2 1
	2 1 3 3 1
	2 1 3 4 0
	2 1 4 1 1
	2 1 4 2 1
	2 1 4 3 1
	2 1 4 4 0
	2 1 5 1 1
	2 1 5 2 1
	2 1 5 3 1
	2 1 5 4 0
	2 2 1 1 1
	2 2 1 2 1
	2 2 1 3 1
	2 2 1 4 0
	2 2 2 1 1
	2 2 2 2 1
	2 2 2 3 1
	2 2 2 4 1
	2 2 3 1 1
	2 2 3 2 1
	2 2 3 3 1
	2 2 3 4 0
	2 2 4 1 1
	2 2 4 2 1
	2 2 4 3 1
	2 2 4 4 0
	2 2 5 1 1
	2 2 5 2 1
	2 2 5 3 1
	2 2 5 4 0
	3 1 1 1 1
	3 1 1 2 1
	3 1 1 3 1
	3 1 1 4 0
	3 1 2 1 1
	3 1 2 2 1
	3 1 2 3 1
	3 1 2 4 1
	3 1 3 1 1
	3 1 3 2 1
	3 1 3 3 1
	3 1 3 4 0
	3 1 4 1 1
	3 1 4 2 1
	3 1 4 3 1
	3 1 4 4 0
	3 1 5 1 1
	3 1 5 2 1
	3 1 5 3 1
	3 1 5 4 0
	3 2 1 1 1
	3 2 1 2 1
	3 2 1 3 1
	3 2 1 4 0
	3 2 2 1 1
	3 2 2 2 1
	3 2 2 3 1
	3 2 2 4 1
	3 2 3 1 1
	3 2 3 2 1
	3 2 3 3 1
	3 2 3 4 0
	3 2 4 1 1
	3 2 4 2 1
	3 2 4 3 1
	3 2 4 4 0
	3 2 5 1 1
	3 2 5 2 1
	3 2 5 3 1
	3 2 5 4 0
	4 1 1 1 1
	4 1 1 2 1
	4 1 1 3 1
	4 1 1 4 0
	4 1 2 1 1
	4 1 2 2 1
	4 1 2 3 1
	4 1 2 4 1
	4 1 3 1 1
	4 1 3 2 1
	4 1 3 3 1
	4 1 3 4 0
	4 1 4 1 1
	4 1 4 2 1
	4 1 4 3 1
	4 1 4 4 0
	4 1 5 1 1
	4 1 5 2 1
	4 1 5 3 1
	4 1 5 4 0
	4 2 1 1 1
	4 2 1 2 1
	4 2 1 3 1
	4 2 1 4 0
	4 2 2 1 1
	4 2 2 2 1
	4 2 2 3 1
	4 2 2 4 1
	4 2 3 1 1
	4 2 3 2 1
	4 2 3 3 1
	4 2 3 4 0
	4 2 4 1 1
	4 2 4 2 1
	4 2 4 3 1
	4 2 4 4 0
	4 2 5 1 1
	4 2 5 2 1
	4 2 5 3 1
	4 2 5 4 0
