21800
40600
41000
60200
60200
59400
59000
60200
73400
57400
56600
56200
55400
57000
58600
57000
40600
40600
40600
40600
42200
41400
43000
42200
42200
42200
41400
43800
40400
39000
25600
24800
25600
26400
27200
26400
26400
25600
27600
28400
30000
28400
30800
28400
30400
31200
12000
9600
2631800
2313400
1980200
1754200
1643000
1530200
1415800
1187600
1126400
1126400
1067200
938400
820000
707200
706800
706400
704400
704400
704000
595400
595000
595000
625000
511800
511800
326600
150600
152200
153800
152200
89600
93600
76600
61000
61000
53000
49400
49400
50800
39200
40400
42000
31000
29000
30600
47200
46000
44800
44800
44000
42400
40800
40800
44000
58200
77400
78200
79000
78200
42400
41600
36000
36800
35600
35600
36000
36800
37600
36000
37600
39200
38400
40400
39600
26200
25800
25000
25800
25600
25000
24200
25000
24200
22600
22600
22600
21000
23400
23000
23800
23000
23000
45400
45000
45000
42600
41800
41800
61800
61400
60600
61800
47000
47800
45000
44600
28000
28800
25600
23200
22400
22400
23200
24800
24800
26000
24400
25200
26800
26000
24800
24000
24000
25600
26400
23200
23200
24000
26000
24000
24000
24800
26000
26000
26000
26000
24800
24400
24400
26800
28400
31200
29600
31200
30400
28800
26400
24400
24000
23200
41200
41600
42400
45600
44000
44800
44800
43200
45600
44800
45200
46000
44400
43600
26400
46400
45600
46400
46400
26400
27200
26000
25600
24800
24000
25600
25600
24000
23200
26000
44000
26400
25600
24800
25600
25600
24800
27200
27200
25600
28000
27200
26400
25600
27200
28000
27200
28000
27600
26800
27600
28000
28400
30000
27600
27600
26000
23600
22800
58800
58800
61600
44000
42400
59000
61400
63000
63800
63000
43400
42200
42200
65400
63000
61800
60600
60600
59000
60600
62200
43000
42200
41400
43800
42200
25600
24800
23200
22400
25200
26000
27600
27600
29200
48400
48400
49200
33200
32400
32000
32000
32000
32800
31200
30400
31200
30400
30400
30400
30000
29200
41400
41400
44200
46600
45000
43400
43400
43400
41000
41800
29200
28000
29600
29600
29600
28400
43200
46000
47200
46400
62000
43600
43600
40800
21600
23200
20800
41600
42400
41600
42800
43600
44400
46800
46800
46800
27600
27600
26800
26400
27200
27200
25600
26800
26800
30000
48000
45600
45200
61200
46800
30400
30000
28400
31200
32000
10800
9200
2740200
2599000
2483800
2467800
2284200
2170600
1847600
1509200
1499600
1385600
1280400
1185200
1071200
957200
864000
864000
734400
734400
677800
694200
565000
565800
565400
566600
455800
456600
456600
384200
279400
280200
171800
191800
194200
195000
196600
196600
214600
213800
214600
134400
118800
120400
121200
120400
135400
133800
135400
138400
138000
135000
136600
137400
153000
151800
87400
86200
88200
89800
72600
71800
73400
71400
71400
70600
72600
91800
92600
93400
74200
75800
73800
93000
94200
109400
103800
107400
107400
106200
105800
105800
104600
104600
90200
89400
70200
70200
70200
70200
71000
73800
73000
51800
55400
57200
55000
40000
91800
75200
74800
57200
59600
55600
55600
55600
55600
54000
37200
36400
36400
39000
22600
21000
23000
21800
21000
20200
19400
40600
39800
40200
41000
43400
43400
43800
42600
41000
40200
42800
43600
40600
40600
41400
42200
41400
43000
43000
40200
40600
40600
41400
40600
40600
56400
56400
56400
55200
54400
55200
54400
55200
54400
59000
60200
59400
59800
57400
56600
55800
57400
38600
38600
39400
41400
42200
43800
45400
42600
42200
42200
41400
40200
39400
25200
27200
27200
26000
27600
45000
46200
25400
24200
24200
23400
38200
59000
42600
41000
25600
28000
28000
27200
27200
28000
43000
43800
43000
63800
63000
62600
63400
80600
62600
45200
46000
49600
47600
46000
46800
46400
45600
65800
63400
78600
77000
77000
74600
76200
60200
59800
59800
63000
63000
64200
64200
66600
65000
65000
64600
65400
64600
63800
62600
61800
63800
63000
63800
63800
23800
25400
25400
22600
22200
23000
22200
22200
22200
23000
23600
23600
24800
23200
20800
22800
22800
22800
24000
24800
21600
39000
41800
41800
41800
42600
42200
41400
43800
40200
41800
44200
41800
40200
41800
42600
41800
43400
41400
41400
58800
58000
57200
58400
38400
38400
60000
59200
57200
56800
55200
56800
57600
39200
38000
38800
25000
24800
24400
22800
22800
24400
25200
23600
23600
22800
25600
25000
23400
22600
21000
21000
21000
24600
26200
23800
23000
24600
24200
57400
58200
41800
43400
42600
44600
45400
44200
44200
45800
45800
59600
60000
56800
56000
55200
56800
54000
34000
34800
52800
54400
38000
36800
36000
36800
36400
36400
37200
35600
36400
36400
37600
54800
54800
76400
75600
76800
78400
63000
63000
64600
46600
44200
43400
41800
41800
43400
43400
41800
61800
61800
62600
62600
61400
60600
60600
61400
61400
64600
65000
61800
59000
61000
61000
41800
41000
40200
40600
41400
41000
41000
43400
25200
26000
25200
26000
26000
24800
24800
27200
26000
28400
27600
28800
26000
26000
45200
45200
46000
48400
47600
65000
63400
65000
68400
68000
83000
82600
81000
81400
82200
80600
64200
60000
59200
60000
59200
58400
57600
57600
56800
57200
55600
40600
39800
39800
39000
39800
40600
40600
41400
41800
43400
42600
42200
42600
41800
43400
44200
44600
46200
47000
48600
49000
62000
49800
46600
46200
46200
43800
40600
42600
41000
57600
56000
57600
58400
56400
57200
57200
58400
56800
57600
58200
58200
56600
39200
60800
64800
63200
61600
60400
45200
46000
46000
47200
28000
30800
29200
30000
9200
