21798
40598
40998
60198
60198
59398
58998
60198
73398
57398
56598
56198
55393
56993
58593
56993
40593
40593
40593
40593
42193
41393
42993
42193
42193
42193
41398
43798
40398
38998
25598
24798
25598
26393
27193
26393
26393
25593
27593
28393
29993
28393
30793
28393
30393
31199
11999
9599
2631781
2313382
1980182
1754183
1642983
1530184
1415784
1187584
1126385
1126385
1067185
938396
819996
707197
706797
706397
704397
704397
703997
595397
594997
594997
624997
511797
511797
326598
150599
152199
153799
152199
89599
93599
76599
60998
60998
52999
49399
49399
50799
39199
40399
41999
30999
28999
30599
47199
45999
44799
44799
43999
42399
40799
40799
43999
58199
77399
78199
78999
78199
42399
41599
35999
36799
35599
35599
35999
36799
37599
35999
37599
39199
38399
40399
39599
26199
25799
24999
25799
25599
24999
24199
24999
24199
22599
22599
22599
20999
23399
22999
23799
22999
22999
45399
44999
44999
42599
41799
41799
61799
61399
60599
61799
46999
47799
44999
44599
27999
28799
25599
23199
22399
22399
23199
24799
24799
25999
24399
25199
26799
25999
24799
23999
23999
25599
26399
23199
23199
23999
25999
23999
23999
24799
25999
25999
25999
25999
24799
24399
24399
26799
28399
31199
29599
31199
30399
28799
26399
24399
23999
23199
41199
41599
42399
45599
43999
44799
44799
43199
45599
44799
45199
45999
44399
43599
26399
46399
45599
46399
46399
26399
27199
25999
25599
24799
23999
25599
25599
23999
23199
25999
43999
26399
25599
24799
25599
25599
24799
27199
27199
25599
27999
27199
26399
25599
27199
27999
27199
27999
27599
26799
27599
27999
28399
29999
27599
27599
25999
23599
22799
58799
58799
61599
43999
42399
58999
61399
62999
63799
62999
43399
42199
42199
65394
62993
61794
60594
60599
58999
60599
62199
42999
42199
41399
43799
42199
25599
24799
23199
22399
25199
25999
27599
27599
29199
48399
48399
49199
33199
32399
31999
31998
31998
32798
31198
30398
31198
30398
30398
30398
29998
29198
41399
41399
44198
46598
44998
43398
43398
43398
40999
41799
29199
27999
29599
29599
29599
28399
43199
45999
47194
46394
61994
43599
43599
40799
21599
23199
20799
41599
42399
41599
42799
43599
44399
46799
46799
46799
27594
27599
26799
26399
27199
27199
25599
26799
26799
29999
47999
45599
45199
61199
46799
30399
29999
28399
31199
31999
10799
9199
2740180
2598986
2483787
2467787
2284188
2170588
1847589
1509190
1499590
1385590
1280390
1185191
1071191
957191
863992
863992
734392
734392
677792
694192
564998
565798
565398
566598
455798
456598
456598
384198
279398
280198
171799
191798
194198
194998
196598
196598
214598
213798
214598
134398
118798
120398
121198
120398
135398
133798
135398
138398
137998
134998
136598
137398
152998
151798
87398
86198
88198
89798
72598
71798
73398
71398
71398
70598
72598
91798
92598
93398
74198
75798
73798
92998
94198
109398
103799
107399
107399
106199
105799
105799
104599
104599
90199
89399
70199
70199
70199
70199
70998
73798
72998
51798
55398
57198
54998
39998
91798
75199
74799
57199
59599
55599
55599
55599
55599
53999
37199
36399
36399
38999
22599
20999
22999
21799
20999
20199
19399
40599
39799
40199
40999
43399
43399
43799
42599
40999
40199
42799
43599
40599
40599
41399
42199
41399
42999
42999
40199
40599
40594
41394
40594
40594
56393
56394
56394
55194
54394
55193
54393
55194
54394
58994
60193
59394
59794
57394
56594
55799
57399
38599
38594
39399
41399
42199
43799
45399
42599
42199
42199
41399
40199
39399
25199
27199
27199
25999
27599
44999
46199
25399
24199
24199
23399
38199
58999
42599
40999
25599
27994
27994
27194
27199
27999
42999
43799
42999
63794
62994
62599
63399
80599
62599
45199
45999
49599
47599
45999
46799
46399
45599
65799
63399
78599
76999
76999
74599
76199
60199
59799
59799
62999
62999
64199
64199
66599
64999
64998
64599
65399
64599
63798
62599
61799
63798
62998
63798
63798
23798
25398
25398
22598
22198
22999
22199
22199
22199
22999
23599
23599
24799
23199
20799
22799
22799
22799
23999
24799
21599
38999
41799
41799
41799
42599
42199
41399
43799
40199
41799
44199
41799
40199
41799
42599
41799
43399
41399
41399
58799
57999
57199
58399
38399
38399
59999
59199
57199
56799
55199
56799
57599
39199
37999
38799
24999
24799
24399
22799
22799
24399
25199
23599
23599
22799
25599
24999
23399
22599
20999
20999
20999
24599
26199
23799
22999
24599
24199
57399
58199
41799
43399
42599
44599
45399
44199
44199
45799
45799
59599
59999
56799
55999
55199
56799
53999
33999
34799
52799
54399
37999
36799
35999
36799
36399
36399
37199
35599
36399
36399
37599
54799
54799
76399
75599
76799
78399
62999
62999
64599
46599
44199
43399
41799
41799
43399
43399
41799
61799
61799
62599
62599
61394
60594
60594
61394
61399
64599
64999
61799
58999
60999
60999
41799
40999
40199
40599
41399
40999
40999
43399
25199
25999
25199
25999
25999
24799
24799
27199
25999
28394
27594
28799
25999
25999
45199
45194
45994
48394
47594
64994
63399
64994
68399
67999
82999
82599
80999
81399
82199
80599
64199
59999
59199
59999
59194
58394
57594
57594
56794
57194
55594
40594
39794
39794
38994
39794
40599
40599
41399
41799
43399
42599
42199
42599
41799
43399
44199
44594
46193
46993
48593
48993
61993
49793
46593
46193
46193
43793
40593
42593
40993
57593
55998
57598
58398
56399
57199
57199
58399
56799
57599
58199
58199
56599
39199
60799
64799
63199
61599
60399
45199
45999
45999
47194
27994
30794
29194
29994
9194
