Worker: 1 has 532 347 1580 in sizes
Worker: 2 has 1580 1580 1580 in sizes
Worker: 3 has 1063 347 1580 in sizes
Worker: 4 has 557 165 779 in sizes
Worker: 5 has 261 130 531 in sizes
Worker: 6 has 532 130 1580 in sizes
Worker: 7 has 261 130 531 in sizes
Worker: 8 has 261 29 531 in sizes
Worker: 9 has 115 12 247 in sizes
Worker: 10 has 532 130 1580 in sizes
Worker: 11 has 9 8 8 in sizes
Worker: 12 has 1063 347 1580 in sizes
Worker: 13 has 771 92 1190 in sizes
Worker: 14 has 265 29 489 in sizes
Worker: 15 has 51 18 120 in sizes
Worker: 16 has 495 130 843 in sizes
Worker: 17 has 237 69 267 in sizes
Worker: 18 has 532 279 1580 in sizes
Worker: 19 has 495 47 843 in sizes
Worker: 20 has 532 130 1580 in sizes
Worker: 21 has 227 227 227 in sizes
Worker: 22 has 2 1 1 in sizes
Worker: 23 has 3 2 2 in sizes
Worker: 24 has 11 5 47 in sizes
Worker: 25 has 1063 279 1580 in sizes
Worker: 26 has 5 4 4 in sizes
Worker: 27 has 213 106 425 in sizes
Worker: 28 has 2 2 2 in sizes
Worker: 29 has 426 106 1281 in sizes
Worker: 30 has 127 126 455 in sizes
Worker: 31 has 495 130 843 in sizes
Worker: 32 has 261 29 531 in sizes
Worker: 33 has 72 45 306 in sizes
Worker: 34 has 425 425 425 in sizes
Worker: 35 has 91 20 221 in sizes
Worker: 36 has 55 27 101 in sizes
Worker: 37 has 1063 347 1580 in sizes
Worker: 38 has 3 1 1 in sizes
Worker: 39 has 2 1 1 in sizes
Number of librarians assigned: block, PL, HB, BokB
3 2 2 2 2 3 3   	0 0 1 0 0 0 0   	0 0 0 0 0 1 1   	0 0 0 0 0 0 0   	
3 3 4 4 3 0 0   	0 0 0 0 0 0 0   	0 0 0 0 0 0 0   	0 0 0 0 0 0 0   	
4 3 3 4 4 0 0   	0 0 0 0 0 0 0   	0 0 0 0 0 0 0   	0 0 0 0 0 0 0   	
3 4 4 3 3 0 0   	0 0 0 0 0 0 0   	0 0 0 0 0 0 0   	0 0 0 0 0 0 0   	


2 2 2 2 2 3 3   	0 1 0 0 1 0 0   	0 0 0 0 0 0 0   	0 0 0 0 0 0 0   	
4 3 6 4 3 0 0   	0 0 0 0 0 0 0   	0 0 0 0 0 0 0   	0 0 0 0 0 0 0   	
3 3 3 4 5 0 0   	0 0 0 0 0 0 0   	0 0 0 0 0 0 0   	0 0 0 0 0 0 0   	
3 4 4 3 3 0 0   	0 0 0 0 0 0 0   	0 0 0 0 0 0 0   	0 0 0 0 0 0 0   	


3 2 2 2 2 4 4   	0 1 1 1 0 0 0   	0 0 0 0 0 0 0   	0 0 0 0 0 0 0   	
4 3 4 3 4 0 0   	0 0 0 0 0 0 0   	0 0 0 0 0 0 0   	0 0 0 0 0 0 0   	
3 4 3 5 4 0 0   	0 0 0 0 0 0 0   	0 0 0 0 0 0 0   	0 0 0 0 0 0 0   	
3 4 4 3 4 0 0   	0 0 0 0 0 0 0   	0 0 0 0 0 0 0   	0 0 0 0 0 0 0   	


2 2 2 2 2 4 4   	0 1 1 0 0 0 0   	0 0 0 0 0 0 0   	0 0 0 0 0 0 0   	
4 3 4 4 4 0 0   	0 0 0 0 0 0 0   	0 0 0 0 0 0 0   	0 0 0 0 0 0 0   	
3 4 3 4 3 0 0   	0 0 0 0 0 0 0   	0 0 0 0 0 0 0   	0 0 0 0 0 0 0   	
3 4 4 4 4 0 0   	0 0 0 0 0 0 0   	0 0 0 0 0 0 0   	0 0 0 0 0 0 0   	


2 2 2 2 2 4 4   	0 0 0 0 0 0 0   	0 0 0 0 0 0 0   	0 0 0 0 0 0 0   	
4 3 3 4 5 0 0   	0 0 0 0 0 0 0   	0 0 0 0 0 0 0   	0 0 0 0 0 0 0   	
5 3 4 5 3 0 0   	0 0 0 0 0 0 0   	0 0 0 0 0 0 0   	0 0 0 0 0 0 0   	
3 4 4 3 4 0 0   	0 0 0 0 0 0 0   	0 0 0 0 0 0 0   	0 0 0 0 0 0 0   	


Number of assistants assigned: block, PL, HB, BokB
1 2 2 2 2 3 3   	1 0 0 1 1 0 0   	0 0 0 0 0 0 0   	0 0 0 0 0 0 0   	
3 3 2 2 3 0 0   	0 0 0 0 0 0 0   	0 0 0 0 0 0 0   	0 0 0 0 0 0 0   	
2 3 3 2 2 0 0   	0 0 0 0 0 0 0   	0 0 0 0 0 0 0   	0 0 0 0 0 0 0   	
3 2 2 3 3 0 0   	0 0 0 0 0 0 0   	0 0 0 0 0 0 0   	0 0 0 0 0 0 0   	


2 2 2 2 2 3 3   	1 0 1 1 0 0 0   	0 0 0 0 0 0 0   	0 0 0 0 0 0 0   	
2 3 0 2 3 0 0   	0 0 0 0 0 0 0   	0 0 0 0 0 0 0   	0 0 0 0 0 0 0   	
3 3 3 2 1 0 0   	0 0 0 0 0 0 0   	0 0 0 0 0 0 0   	0 0 0 0 0 0 0   	
3 2 2 3 3 0 0   	0 0 0 0 0 0 0   	0 0 0 0 0 0 0   	0 0 0 0 0 0 0   	


1 2 2 2 2 2 2   	1 0 0 0 0 0 0   	0 0 0 0 0 0 0   	0 0 0 0 0 0 0   	
2 3 2 3 2 0 0   	0 0 0 0 0 0 0   	0 0 0 0 0 0 0   	0 0 0 0 0 0 0   	
3 2 3 1 2 0 0   	0 0 0 0 0 0 0   	0 0 0 0 0 0 0   	0 0 0 0 0 0 0   	
3 2 2 3 2 0 0   	0 0 0 0 0 0 0   	0 0 0 0 0 0 0   	0 0 0 0 0 0 0   	


2 2 2 2 2 3 3   	1 0 0 1 0 0 0   	0 0 0 0 0 0 0   	0 0 0 0 0 0 0   	
2 3 2 2 1 0 0   	0 0 0 0 0 0 0   	0 0 0 0 0 0 0   	0 0 0 0 0 0 0   	
3 2 3 2 3 0 0   	0 0 0 0 0 0 0   	0 0 0 0 0 0 0   	0 0 0 0 0 0 0   	
3 2 2 2 3 0 0   	0 0 0 0 0 0 0   	0 0 0 0 0 0 0   	0 0 0 0 0 0 0   	


2 2 2 2 2 2 2   	1 1 1 0 0 0 0   	0 0 0 0 0 0 0   	0 0 0 0 0 0 0   	
2 3 3 2 1 0 0   	0 0 0 0 0 0 0   	0 0 0 0 0 0 0   	0 0 0 0 0 0 0   	
1 3 2 1 3 0 0   	0 0 0 0 0 0 0   	0 0 0 0 0 0 0   	0 0 0 0 0 0 0   	
3 2 2 3 2 0 0   	0 0 0 0 0 0 0   	0 0 0 0 0 0 0   	0 0 0 0 0 0 0   	



*** Demand difference *** in the library for: block, PL, HB, BokB
Negative values means overstaffing, positive means lack of workers
0 0 0 0 0 0 0   	0 1 0 0 0 0 0   	0 0 0 0 0 0 0   	0 0 0 0 0 0 0   	
0 0 0 0 0 0 0   	0 0 0 0 0 0 0   	0 0 0 0 0 0 0   	0 0 0 0 0 0 0   	
0 0 0 0 0 0 0   	0 0 0 0 0 0 0   	0 0 0 0 0 0 0   	0 0 0 0 0 0 0   	
0 0 0 0 0 0 0   	0 0 0 0 0 0 0   	0 0 0 0 0 0 0   	0 0 0 0 0 0 0   	


0 0 0 0 0 0 0   	0 0 0 0 0 0 0   	0 0 0 0 0 1 1   	0 0 0 0 0 0 0   	
0 0 0 0 0 0 0   	0 0 0 0 0 0 0   	0 0 0 0 0 0 0   	0 0 0 0 0 0 0   	
0 0 0 0 0 0 0   	0 0 0 0 0 0 0   	0 0 0 0 0 0 0   	0 0 0 0 0 0 0   	
0 0 0 0 0 0 0   	0 0 0 0 0 0 0   	0 0 0 0 0 0 0   	0 0 0 0 0 0 0   	


0 0 0 0 0 0 0   	0 0 0 0 1 0 0   	0 0 0 0 0 1 1   	0 0 0 0 0 0 0   	
0 0 0 0 0 0 0   	0 0 0 0 0 0 0   	0 0 0 0 0 0 0   	0 0 0 0 0 0 0   	
0 0 0 0 0 0 0   	0 0 0 0 0 0 0   	0 0 0 0 0 0 0   	0 0 0 0 0 0 0   	
0 0 0 0 0 0 0   	0 0 0 0 0 0 0   	0 0 0 0 0 0 0   	0 0 0 0 0 0 0   	


0 0 0 0 0 -1 -1   	0 0 0 0 1 0 0   	0 0 0 0 0 1 1   	0 0 0 0 0 0 0   	
0 0 0 0 1 0 0   	0 0 0 0 0 0 0   	0 0 0 0 0 0 0   	0 0 0 0 0 0 0   	
0 0 0 0 0 0 0   	0 0 0 0 0 0 0   	0 0 0 0 0 0 0   	0 0 0 0 0 0 0   	
0 0 0 0 -1 0 0   	0 0 0 0 0 0 0   	0 0 0 0 0 0 0   	0 0 0 0 0 0 0   	


0 0 0 0 0 0 0   	0 0 0 1 1 0 0   	0 0 0 0 0 1 1   	0 0 0 0 0 0 0   	
0 0 0 0 0 0 0   	0 0 0 0 0 0 0   	0 0 0 0 0 0 0   	0 0 0 0 0 0 0   	
0 0 0 0 0 0 0   	0 0 0 0 0 0 0   	0 0 0 0 0 0 0   	0 0 0 0 0 0 0   	
0 0 0 0 0 0 0   	0 0 0 0 0 0 0   	0 0 0 0 0 0 0   	0 0 0 0 0 0 0   	


#PL for worker 1 is: 1
#PL for worker 6 is: 1
#PL for worker 7 is: 1
#PL for worker 10 is: 1
#PL for worker 14 is: 1
#PL for worker 16 is: 1
#PL for worker 18 is: 2
#PL for worker 20 is: 1
#PL for worker 24 is: 1
#PL for worker 25 is: 1
#PL for worker 27 is: 1
#PL for worker 29 is: 1
#PL for worker 30 is: 1
#PL for worker 32 is: 1
#PL for worker 33 is: 1
#PL for worker 34 is: 1
#PL for worker 35 is: 2
#PL for worker 37 is: 1
lib_per_rot = 4 4 4 4 5 
ass_per_rot = 3 3 3 3 2 
Stand-ins Week 0
3 2 4 1 1 
Libs
3 2 2 1 1 
Ass
0 0 2 0 0 

Stand-ins Week 1
4 0 3 0 0 
Libs
4 0 3 0 0 
Ass
0 0 0 0 0 

Stand-ins Week 2
2 3 8 4 5 
Libs
1 3 5 3 4 
Ass
1 0 3 1 1 

Stand-ins Week 3
3 5 7 7 3 
Libs
3 3 4 5 2 
Ass
0 2 3 2 1 

Stand-ins Week 4
10 6 4 2 5 
Libs
7 2 3 2 3 
Ass
3 4 1 0 2 

Max(min stand-in) for this solution is: 0
Total number of stand-ins: 92
demand_tot_cost = 2200
demand_lib_cost (too few or too many) = 0
demand_ass_cost = 0
demand_PL_cost = 6000
demand_HB_cost = 60000
demand_evening_cost = 0
PL_amount_cost = 0
no_weekend_cost = 0

total_eval_cost = 68200
total_stand_in_cost = -1
*total_cost* = 68199
Best solution so far is 68200



***Best iteration number: 1***
Number of librarians assigned: block, PL, HB, BokB
3 2 2 2 2 3 3   	0 0 1 0 0 0 0   	0 0 0 0 0 1 1   	0 0 0 0 0 0 0   	
3 3 4 4 4 0 0   	0 0 0 0 0 0 0   	0 0 0 0 0 0 0   	0 0 0 0 0 0 0   	
4 3 3 4 4 0 0   	0 0 0 0 0 0 0   	0 0 0 0 0 0 0   	0 0 0 0 0 0 0   	
3 4 4 3 3 0 0   	0 0 0 0 0 0 0   	0 0 0 0 0 0 0   	0 0 0 0 0 0 0   	


2 2 2 2 3 3 3   	0 1 0 0 1 0 0   	0 0 0 0 0 0 0   	0 0 0 0 0 0 0   	
4 3 6 4 3 0 0   	0 0 0 0 0 0 0   	0 0 0 0 0 0 0   	0 0 0 0 0 0 0   	
4 3 3 4 5 0 0   	0 0 0 0 0 0 0   	0 0 0 0 0 0 0   	0 0 0 0 0 0 0   	
3 4 4 3 3 0 0   	0 0 0 0 0 0 0   	0 0 0 0 0 0 0   	0 0 0 0 0 0 0   	


3 2 2 2 2 4 4   	0 1 1 0 0 0 0   	0 0 0 0 0 0 0   	0 0 0 0 0 0 0   	
4 3 4 3 4 0 0   	0 0 0 0 0 0 0   	0 0 0 0 0 0 0   	0 0 0 0 0 0 0   	
4 4 4 5 4 0 0   	0 0 0 0 0 0 0   	0 0 0 0 0 0 0   	0 0 0 0 0 0 0   	
3 4 4 3 4 0 0   	0 0 0 0 0 0 0   	0 0 0 0 0 0 0   	0 0 0 0 0 0 0   	


2 2 2 2 2 4 4   	0 1 1 0 0 0 0   	0 0 0 0 0 0 0   	0 0 0 0 0 0 0   	
4 3 4 4 4 0 0   	0 0 0 0 0 0 0   	0 0 0 0 0 0 0   	0 0 0 0 0 0 0   	
3 4 3 4 3 0 0   	0 0 0 0 0 0 0   	0 0 0 0 0 0 0   	0 0 0 0 0 0 0   	
3 4 4 4 4 0 0   	0 0 0 0 0 0 0   	0 0 0 0 0 0 0   	0 0 0 0 0 0 0   	


2 2 2 2 2 4 4   	0 0 1 0 1 0 0   	0 0 0 0 0 0 0   	0 0 0 0 0 0 0   	
4 3 3 4 5 0 0   	0 0 0 0 0 0 0   	0 0 0 0 0 0 0   	0 0 0 0 0 0 0   	
5 3 4 5 3 0 0   	0 0 0 0 0 0 0   	0 0 0 0 0 0 0   	0 0 0 0 0 0 0   	
3 4 4 3 4 0 0   	0 0 0 0 0 0 0   	0 0 0 0 0 0 0   	0 0 0 0 0 0 0   	


Number of assistants assigned: block, PL, HB, BokB
1 2 2 2 2 3 3   	1 0 0 1 1 0 0   	0 0 0 0 0 0 0   	0 0 0 0 0 0 0   	
3 3 2 2 2 0 0   	0 0 0 0 0 0 0   	0 0 0 0 0 0 0   	0 0 0 0 0 0 0   	
2 3 3 2 2 0 0   	0 0 0 0 0 0 0   	0 0 0 0 0 0 0   	0 0 0 0 0 0 0   	
3 2 2 3 3 0 0   	0 0 0 0 0 0 0   	0 0 0 0 0 0 0   	0 0 0 0 0 0 0   	


2 2 2 2 1 3 3   	1 0 1 1 0 0 0   	0 0 0 0 0 0 0   	0 0 0 0 0 0 0   	
2 3 0 2 3 0 0   	0 0 0 0 0 0 0   	0 0 0 0 0 0 0   	0 0 0 0 0 0 0   	
2 3 3 2 1 0 0   	0 0 0 0 0 0 0   	0 0 0 0 0 0 0   	0 0 0 0 0 0 0   	
3 2 2 3 3 0 0   	0 0 0 0 0 0 0   	0 0 0 0 0 0 0   	0 0 0 0 0 0 0   	


1 2 2 2 2 2 2   	1 0 0 0 1 0 0   	0 0 0 0 0 0 0   	0 0 0 0 0 0 0   	
2 3 2 3 2 0 0   	0 0 0 0 0 0 0   	0 0 0 0 0 0 0   	0 0 0 0 0 0 0   	
2 2 2 1 2 0 0   	0 0 0 0 0 0 0   	0 0 0 0 0 0 0   	0 0 0 0 0 0 0   	
3 2 2 3 2 0 0   	0 0 0 0 0 0 0   	0 0 0 0 0 0 0   	0 0 0 0 0 0 0   	


2 2 2 2 2 3 3   	1 0 0 1 0 0 0   	0 0 0 0 0 0 0   	0 0 0 0 0 0 0   	
2 3 2 2 1 0 0   	0 0 0 0 0 0 0   	0 0 0 0 0 0 0   	0 0 0 0 0 0 0   	
3 2 3 2 3 0 0   	0 0 0 0 0 0 0   	0 0 0 0 0 0 0   	0 0 0 0 0 0 0   	
3 2 2 2 3 0 0   	0 0 0 0 0 0 0   	0 0 0 0 0 0 0   	0 0 0 0 0 0 0   	


2 2 2 2 2 2 2   	1 1 0 0 0 0 0   	0 0 0 0 0 0 0   	0 0 0 0 0 0 0   	
2 3 3 2 1 0 0   	0 0 0 0 0 0 0   	0 0 0 0 0 0 0   	0 0 0 0 0 0 0   	
1 3 2 1 3 0 0   	0 0 0 0 0 0 0   	0 0 0 0 0 0 0   	0 0 0 0 0 0 0   	
3 2 2 3 2 0 0   	0 0 0 0 0 0 0   	0 0 0 0 0 0 0   	0 0 0 0 0 0 0   	



*** Demand difference *** in the library for: block, PL, HB, BokB
Negative values means overstaffing, positive means lack of workers
0 0 0 0 0 0 0   	0 1 0 0 0 0 0   	0 0 0 0 0 0 0   	0 0 0 0 0 0 0   	
0 0 0 0 0 0 0   	0 0 0 0 0 0 0   	0 0 0 0 0 0 0   	0 0 0 0 0 0 0   	
0 0 0 0 0 0 0   	0 0 0 0 0 0 0   	0 0 0 0 0 0 0   	0 0 0 0 0 0 0   	
0 0 0 0 0 0 0   	0 0 0 0 0 0 0   	0 0 0 0 0 0 0   	0 0 0 0 0 0 0   	


0 0 0 0 0 0 0   	0 0 0 0 0 0 0   	0 0 0 0 0 1 1   	0 0 0 0 0 0 0   	
0 0 0 0 0 0 0   	0 0 0 0 0 0 0   	0 0 0 0 0 0 0   	0 0 0 0 0 0 0   	
0 0 0 0 0 0 0   	0 0 0 0 0 0 0   	0 0 0 0 0 0 0   	0 0 0 0 0 0 0   	
0 0 0 0 0 0 0   	0 0 0 0 0 0 0   	0 0 0 0 0 0 0   	0 0 0 0 0 0 0   	


0 0 0 0 0 0 0   	0 0 0 1 0 0 0   	0 0 0 0 0 1 1   	0 0 0 0 0 0 0   	
0 0 0 0 0 0 0   	0 0 0 0 0 0 0   	0 0 0 0 0 0 0   	0 0 0 0 0 0 0   	
0 0 0 0 0 0 0   	0 0 0 0 0 0 0   	0 0 0 0 0 0 0   	0 0 0 0 0 0 0   	
0 0 0 0 0 0 0   	0 0 0 0 0 0 0   	0 0 0 0 0 0 0   	0 0 0 0 0 0 0   	


0 0 0 0 0 -1 -1   	0 0 0 0 1 0 0   	0 0 0 0 0 1 1   	0 0 0 0 0 0 0   	
0 0 0 0 1 0 0   	0 0 0 0 0 0 0   	0 0 0 0 0 0 0   	0 0 0 0 0 0 0   	
0 0 0 0 0 0 0   	0 0 0 0 0 0 0   	0 0 0 0 0 0 0   	0 0 0 0 0 0 0   	
0 0 0 0 -1 0 0   	0 0 0 0 0 0 0   	0 0 0 0 0 0 0   	0 0 0 0 0 0 0   	


0 0 0 0 0 0 0   	0 0 0 1 0 0 0   	0 0 0 0 0 1 1   	0 0 0 0 0 0 0   	
0 0 0 0 0 0 0   	0 0 0 0 0 0 0   	0 0 0 0 0 0 0   	0 0 0 0 0 0 0   	
0 0 0 0 0 0 0   	0 0 0 0 0 0 0   	0 0 0 0 0 0 0   	0 0 0 0 0 0 0   	
0 0 0 0 0 0 0   	0 0 0 0 0 0 0   	0 0 0 0 0 0 0   	0 0 0 0 0 0 0   	


#PL for worker 1 is: 1
#PL for worker 6 is: 1
#PL for worker 7 is: 1
#PL for worker 10 is: 1
#PL for worker 13 is: 1
#PL for worker 14 is: 1
#PL for worker 16 is: 1
#PL for worker 18 is: 2
#PL for worker 20 is: 1
#PL for worker 24 is: 1
#PL for worker 25 is: 1
#PL for worker 27 is: 1
#PL for worker 29 is: 1
#PL for worker 30 is: 1
#PL for worker 32 is: 1
#PL for worker 33 is: 1
#PL for worker 34 is: 1
#PL for worker 35 is: 2
#PL for worker 37 is: 1
lib_per_rot = 4 4 4 4 5 
ass_per_rot = 3 3 3 3 2 
Stand-ins Week 0
3 2 3 1 1 
Libs
3 2 1 1 1 
Ass
0 0 2 0 0 

Stand-ins Week 1
3 0 4 1 0 
Libs
3 0 3 1 0 
Ass
0 0 1 0 0 

Stand-ins Week 2
2 3 8 4 5 
Libs
1 3 5 3 3 
Ass
1 0 3 1 2 

Stand-ins Week 3
4 5 6 7 5 
Libs
3 3 3 5 3 
Ass
1 2 3 2 2 

Stand-ins Week 4
10 6 5 2 3 
Libs
6 2 3 2 2 
Ass
4 4 2 0 1 

Max(min stand-in) for this solution is: 0
Total number of stand-ins: 93
demand_tot_cost = 2200
demand_lib_cost (too few or too many) = 0
demand_ass_cost = 0
demand_PL_cost = 4800
demand_HB_cost = 60000
demand_evening_cost = 0
PL_amount_cost = 0
no_weekend_cost = 0

total_eval_cost = 67000
total_stand_in_cost = -1
*total_cost* = 66999
Best solution so far is 67000
Time where new best solution found is: 0.28



***Best iteration number: 2***
Number of librarians assigned: block, PL, HB, BokB
3 2 2 2 2 3 3   	0 0 1 0 0 0 0   	0 0 0 0 0 1 1   	0 0 0 0 0 0 0   	
3 3 4 4 4 0 0   	0 0 0 0 0 0 0   	0 0 0 0 0 0 0   	0 0 0 0 0 0 0   	
4 3 3 4 4 0 0   	0 0 0 0 0 0 0   	0 0 0 0 0 0 0   	0 0 0 0 0 0 0   	
3 4 4 3 3 0 0   	0 0 0 0 0 0 0   	0 0 0 0 0 0 0   	0 0 0 0 0 0 0   	


2 2 2 2 3 4 4   	0 1 0 0 1 0 0   	0 0 0 0 0 1 1   	0 0 0 0 0 0 0   	
4 3 6 4 3 0 0   	0 0 0 0 0 0 0   	0 0 0 0 0 0 0   	0 0 0 0 0 0 0   	
5 3 3 4 4 0 0   	0 0 0 0 0 0 0   	0 0 0 0 0 0 0   	0 0 0 0 0 0 0   	
3 4 4 3 4 0 0   	0 0 0 0 0 0 0   	0 0 0 0 0 0 0   	0 0 0 0 0 0 0   	


4 2 2 3 2 4 4   	0 1 1 0 0 0 0   	0 0 0 0 0 0 0   	0 0 0 0 0 0 0   	
4 3 4 3 3 0 0   	0 0 0 0 0 0 0   	0 0 0 0 0 0 0   	0 0 0 0 0 0 0   	
3 4 4 5 4 0 0   	0 0 0 0 0 0 0   	0 0 0 0 0 0 0   	0 0 0 0 0 0 0   	
3 4 4 3 4 0 0   	0 0 0 0 0 0 0   	0 0 0 0 0 0 0   	0 0 0 0 0 0 0   	


2 2 2 2 2 4 4   	1 1 1 0 0 0 0   	0 0 0 0 0 0 0   	0 0 0 0 0 0 0   	
4 3 4 3 4 0 0   	0 0 0 0 0 0 0   	0 0 0 0 0 0 0   	0 0 0 0 0 0 0   	
3 4 3 4 3 0 0   	0 0 0 0 0 0 0   	0 0 0 0 0 0 0   	0 0 0 0 0 0 0   	
3 4 4 4 4 0 0   	0 0 0 0 0 0 0   	0 0 0 0 0 0 0   	0 0 0 0 0 0 0   	


3 2 2 2 2 3 3   	0 0 1 0 1 0 0   	0 0 0 0 0 0 0   	0 0 0 0 0 0 0   	
5 3 3 3 5 0 0   	0 0 0 0 0 0 0   	0 0 0 0 0 0 0   	0 0 0 0 0 0 0   	
3 3 4 5 3 0 0   	0 0 0 0 0 0 0   	0 0 0 0 0 0 0   	0 0 0 0 0 0 0   	
3 4 4 3 3 0 0   	0 0 0 0 0 0 0   	0 0 0 0 0 0 0   	0 0 0 0 0 0 0   	


Number of assistants assigned: block, PL, HB, BokB
1 2 2 2 2 3 3   	1 0 0 1 1 0 0   	0 0 0 0 0 0 0   	0 0 0 0 0 0 0   	
3 3 2 2 2 0 0   	0 0 0 0 0 0 0   	0 0 0 0 0 0 0   	0 0 0 0 0 0 0   	
2 3 3 2 2 0 0   	0 0 0 0 0 0 0   	0 0 0 0 0 0 0   	0 0 0 0 0 0 0   	
3 2 2 3 3 0 0   	0 0 0 0 0 0 0   	0 0 0 0 0 0 0   	0 0 0 0 0 0 0   	


2 2 2 2 1 2 2   	1 0 1 1 0 0 0   	0 0 0 0 0 0 0   	0 0 0 0 0 0 0   	
2 3 0 2 3 0 0   	0 0 0 0 0 0 0   	0 0 0 0 0 0 0   	0 0 0 0 0 0 0   	
1 3 3 2 1 0 0   	0 0 0 0 0 0 0   	0 0 0 0 0 0 0   	0 0 0 0 0 0 0   	
3 2 2 3 2 0 0   	0 0 0 0 0 0 0   	0 0 0 0 0 0 0   	0 0 0 0 0 0 0   	


0 2 2 1 2 2 2   	1 0 0 1 1 0 0   	0 0 0 0 0 0 0   	0 0 0 0 0 0 0   	
2 2 2 3 2 0 0   	0 0 0 0 0 0 0   	0 0 0 0 0 0 0   	0 0 0 0 0 0 0   	
3 2 2 1 2 0 0   	0 0 0 0 0 0 0   	0 0 0 0 0 0 0   	0 0 0 0 0 0 0   	
3 2 2 3 2 0 0   	0 0 0 0 0 0 0   	0 0 0 0 0 0 0   	0 0 0 0 0 0 0   	


2 2 2 2 2 3 3   	0 0 0 1 0 0 0   	0 0 0 0 0 0 0   	0 0 0 0 0 0 0   	
2 3 2 3 1 0 0   	0 0 0 0 0 0 0   	0 0 0 0 0 0 0   	0 0 0 0 0 0 0   	
3 2 3 2 3 0 0   	0 0 0 0 0 0 0   	0 0 0 0 0 0 0   	0 0 0 0 0 0 0   	
3 2 2 2 3 0 0   	0 0 0 0 0 0 0   	0 0 0 0 0 0 0   	0 0 0 0 0 0 0   	


1 2 2 2 2 3 3   	1 1 0 0 0 0 0   	0 0 0 0 0 0 0   	0 0 0 0 0 0 0   	
1 3 3 3 1 0 0   	0 0 0 0 0 0 0   	0 0 0 0 0 0 0   	0 0 0 0 0 0 0   	
2 3 2 1 3 0 0   	0 0 0 0 0 0 0   	0 0 0 0 0 0 0   	0 0 0 0 0 0 0   	
3 2 2 3 3 0 0   	0 0 0 0 0 0 0   	0 0 0 0 0 0 0   	0 0 0 0 0 0 0   	



*** Demand difference *** in the library for: block, PL, HB, BokB
Negative values means overstaffing, positive means lack of workers
0 0 0 0 0 0 0   	0 1 0 0 0 0 0   	0 0 0 0 0 0 0   	0 0 0 0 0 0 0   	
0 0 0 0 0 0 0   	0 0 0 0 0 0 0   	0 0 0 0 0 0 0   	0 0 0 0 0 0 0   	
0 0 0 0 0 0 0   	0 0 0 0 0 0 0   	0 0 0 0 0 0 0   	0 0 0 0 0 0 0   	
0 0 0 0 0 0 0   	0 0 0 0 0 0 0   	0 0 0 0 0 0 0   	0 0 0 0 0 0 0   	


0 0 0 0 0 0 0   	0 0 0 0 0 0 0   	0 0 0 0 0 0 0   	0 0 0 0 0 0 0   	
0 0 0 0 0 0 0   	0 0 0 0 0 0 0   	0 0 0 0 0 0 0   	0 0 0 0 0 0 0   	
0 0 0 0 1 0 0   	0 0 0 0 0 0 0   	0 0 0 0 0 0 0   	0 0 0 0 0 0 0   	
0 0 0 0 0 0 0   	0 0 0 0 0 0 0   	0 0 0 0 0 0 0   	0 0 0 0 0 0 0   	


0 0 0 0 0 0 0   	0 0 0 0 0 0 0   	0 0 0 0 0 1 1   	0 0 0 0 0 0 0   	
0 1 0 0 1 0 0   	0 0 0 0 0 0 0   	0 0 0 0 0 0 0   	0 0 0 0 0 0 0   	
0 0 0 0 0 0 0   	0 0 0 0 0 0 0   	0 0 0 0 0 0 0   	0 0 0 0 0 0 0   	
0 0 0 0 0 0 0   	0 0 0 0 0 0 0   	0 0 0 0 0 0 0   	0 0 0 0 0 0 0   	


0 0 0 0 0 -1 -1   	0 0 0 0 1 0 0   	0 0 0 0 0 1 1   	0 0 0 0 0 0 0   	
0 0 0 0 1 0 0   	0 0 0 0 0 0 0   	0 0 0 0 0 0 0   	0 0 0 0 0 0 0   	
0 0 0 0 0 0 0   	0 0 0 0 0 0 0   	0 0 0 0 0 0 0   	0 0 0 0 0 0 0   	
0 0 0 0 -1 0 0   	0 0 0 0 0 0 0   	0 0 0 0 0 0 0   	0 0 0 0 0 0 0   	


0 0 0 0 0 0 0   	0 0 0 1 0 0 0   	0 0 0 0 0 1 1   	0 0 0 0 0 0 0   	
0 0 0 0 0 0 0   	0 0 0 0 0 0 0   	0 0 0 0 0 0 0   	0 0 0 0 0 0 0   	
1 0 0 0 0 0 0   	0 0 0 0 0 0 0   	0 0 0 0 0 0 0   	0 0 0 0 0 0 0   	
0 0 0 0 0 0 0   	0 0 0 0 0 0 0   	0 0 0 0 0 0 0   	0 0 0 0 0 0 0   	


#PL for worker 1 is: 1
#PL for worker 3 is: 1
#PL for worker 6 is: 1
#PL for worker 7 is: 1
#PL for worker 10 is: 1
#PL for worker 13 is: 1
#PL for worker 14 is: 1
#PL for worker 16 is: 1
#PL for worker 18 is: 2
#PL for worker 20 is: 1
#PL for worker 24 is: 1
#PL for worker 25 is: 1
#PL for worker 27 is: 1
#PL for worker 29 is: 1
#PL for worker 30 is: 1
#PL for worker 32 is: 1
#PL for worker 33 is: 1
#PL for worker 34 is: 1
#PL for worker 35 is: 2
#PL for worker 37 is: 1
lib_per_rot = 4 5 4 4 4 
ass_per_rot = 3 2 3 3 3 
Stand-ins Week 0
2 2 4 1 1 
Libs
2 2 2 1 1 
Ass
0 0 2 0 0 

Stand-ins Week 1
3 0 4 1 0 
Libs
3 0 3 1 0 
Ass
0 0 1 0 0 

Stand-ins Week 2
2 3 7 4 6 
Libs
1 3 4 4 3 
Ass
1 0 3 0 3 

Stand-ins Week 3
4 6 6 7 5 
Libs
3 3 3 5 4 
Ass
1 3 3 2 1 

Stand-ins Week 4
9 6 5 2 4 
Libs
5 2 3 2 3 
Ass
4 4 2 0 1 

Max(min stand-in) for this solution is: 0
Total number of stand-ins: 94
demand_tot_cost = 5400
demand_lib_cost (too few or too many) = 0
demand_ass_cost = 0
demand_PL_cost = 3600
demand_HB_cost = 45000
demand_evening_cost = 0
PL_amount_cost = 0
no_weekend_cost = 0

total_eval_cost = 54000
total_stand_in_cost = -1
*total_cost* = 53999
Best solution so far is 54000
Time where new best solution found is: 0.72



***Best iteration number: 3***
Number of librarians assigned: block, PL, HB, BokB
3 2 2 2 2 3 3   	0 0 1 0 0 0 0   	0 0 0 0 0 1 1   	0 0 0 0 0 0 0   	
3 3 4 4 4 0 0   	0 0 0 0 0 0 0   	0 0 0 0 0 0 0   	0 0 0 0 0 0 0   	
4 3 3 4 4 0 0   	0 0 0 0 0 0 0   	0 0 0 0 0 0 0   	0 0 0 0 0 0 0   	
3 4 4 3 3 0 0   	0 0 0 0 0 0 0   	0 0 0 0 0 0 0   	0 0 0 0 0 0 0   	


2 2 2 2 3 4 4   	1 1 0 0 1 0 0   	0 0 0 0 0 1 1   	0 0 0 0 0 0 0   	
3 3 6 4 3 0 0   	0 0 0 0 0 0 0   	0 0 0 0 0 0 0   	0 0 0 0 0 0 0   	
5 3 3 4 4 0 0   	0 0 0 0 0 0 0   	0 0 0 0 0 0 0   	0 0 0 0 0 0 0   	
3 4 4 3 4 0 0   	0 0 0 0 0 0 0   	0 0 0 0 0 0 0   	0 0 0 0 0 0 0   	


4 2 2 3 3 4 4   	0 1 1 0 0 0 0   	0 0 0 0 0 0 0   	0 0 0 0 0 0 0   	
4 3 4 3 3 0 0   	0 0 0 0 0 0 0   	0 0 0 0 0 0 0   	0 0 0 0 0 0 0   	
3 4 4 5 3 0 0   	0 0 0 0 0 0 0   	0 0 0 0 0 0 0   	0 0 0 0 0 0 0   	
3 4 4 3 4 0 0   	0 0 0 0 0 0 0   	0 0 0 0 0 0 0   	0 0 0 0 0 0 0   	


2 2 2 3 2 3 3   	1 1 1 0 0 0 0   	0 0 0 0 0 1 1   	0 0 0 0 0 0 0   	
4 3 4 3 4 0 0   	0 0 0 0 0 0 0   	0 0 0 0 0 0 0   	0 0 0 0 0 0 0   	
3 3 3 3 3 0 0   	0 0 0 0 0 0 0   	0 0 0 0 0 0 0   	0 0 0 0 0 0 0   	
3 4 4 4 3 0 0   	0 0 0 0 0 0 0   	0 0 0 0 0 0 0   	0 0 0 0 0 0 0   	


3 2 2 2 2 3 3   	0 0 1 1 1 0 0   	0 0 0 0 0 0 0   	0 0 0 0 0 0 0   	
5 3 3 3 5 0 0   	0 0 0 0 0 0 0   	0 0 0 0 0 0 0   	0 0 0 0 0 0 0   	
3 3 4 4 3 0 0   	0 0 0 0 0 0 0   	0 0 0 0 0 0 0   	0 0 0 0 0 0 0   	
3 4 4 3 3 0 0   	0 0 0 0 0 0 0   	0 0 0 0 0 0 0   	0 0 0 0 0 0 0   	


Number of assistants assigned: block, PL, HB, BokB
1 2 2 2 2 3 3   	1 0 0 1 1 0 0   	0 0 0 0 0 0 0   	0 0 0 0 0 0 0   	
3 3 2 2 2 0 0   	0 0 0 0 0 0 0   	0 0 0 0 0 0 0   	0 0 0 0 0 0 0   	
2 3 3 2 2 0 0   	0 0 0 0 0 0 0   	0 0 0 0 0 0 0   	0 0 0 0 0 0 0   	
3 2 2 3 3 0 0   	0 0 0 0 0 0 0   	0 0 0 0 0 0 0   	0 0 0 0 0 0 0   	


2 2 2 2 1 2 2   	0 0 1 1 0 0 0   	0 0 0 0 0 0 0   	0 0 0 0 0 0 0   	
2 3 0 2 3 0 0   	0 0 0 0 0 0 0   	0 0 0 0 0 0 0   	0 0 0 0 0 0 0   	
1 3 3 2 1 0 0   	0 0 0 0 0 0 0   	0 0 0 0 0 0 0   	0 0 0 0 0 0 0   	
3 2 2 3 2 0 0   	0 0 0 0 0 0 0   	0 0 0 0 0 0 0   	0 0 0 0 0 0 0   	


0 2 2 1 1 2 2   	1 0 0 1 1 0 0   	0 0 0 0 0 0 0   	0 0 0 0 0 0 0   	
2 2 2 3 2 0 0   	0 0 0 0 0 0 0   	0 0 0 0 0 0 0   	0 0 0 0 0 0 0   	
3 2 2 1 3 0 0   	0 0 0 0 0 0 0   	0 0 0 0 0 0 0   	0 0 0 0 0 0 0   	
3 2 2 3 2 0 0   	0 0 0 0 0 0 0   	0 0 0 0 0 0 0   	0 0 0 0 0 0 0   	


2 2 2 1 2 3 3   	0 0 0 1 1 0 0   	0 0 0 0 0 0 0   	0 0 0 0 0 0 0   	
2 3 2 3 0 0 0   	0 0 0 0 0 0 0   	0 0 0 0 0 0 0   	0 0 0 0 0 0 0   	
3 3 3 2 3 0 0   	0 0 0 0 0 0 0   	0 0 0 0 0 0 0   	0 0 0 0 0 0 0   	
3 2 2 2 3 0 0   	0 0 0 0 0 0 0   	0 0 0 0 0 0 0   	0 0 0 0 0 0 0   	


1 2 2 2 2 3 3   	1 1 0 0 0 0 0   	0 0 0 0 0 0 0   	0 0 0 0 0 0 0   	
1 3 3 3 1 0 0   	0 0 0 0 0 0 0   	0 0 0 0 0 0 0   	0 0 0 0 0 0 0   	
2 3 1 2 3 0 0   	0 0 0 0 0 0 0   	0 0 0 0 0 0 0   	0 0 0 0 0 0 0   	
3 2 2 3 3 0 0   	0 0 0 0 0 0 0   	0 0 0 0 0 0 0   	0 0 0 0 0 0 0   	



*** Demand difference *** in the library for: block, PL, HB, BokB
Negative values means overstaffing, positive means lack of workers
0 0 0 0 0 0 0   	0 1 0 0 0 0 0   	0 0 0 0 0 0 0   	0 0 0 0 0 0 0   	
0 0 0 0 0 0 0   	0 0 0 0 0 0 0   	0 0 0 0 0 0 0   	0 0 0 0 0 0 0   	
0 0 0 0 0 0 0   	0 0 0 0 0 0 0   	0 0 0 0 0 0 0   	0 0 0 0 0 0 0   	
0 0 0 0 0 0 0   	0 0 0 0 0 0 0   	0 0 0 0 0 0 0   	0 0 0 0 0 0 0   	


0 0 0 0 0 0 0   	0 0 0 0 0 0 0   	0 0 0 0 0 0 0   	0 0 0 0 0 0 0   	
1 0 0 0 0 0 0   	0 0 0 0 0 0 0   	0 0 0 0 0 0 0   	0 0 0 0 0 0 0   	
0 0 0 0 1 0 0   	0 0 0 0 0 0 0   	0 0 0 0 0 0 0   	0 0 0 0 0 0 0   	
0 0 0 0 0 0 0   	0 0 0 0 0 0 0   	0 0 0 0 0 0 0   	0 0 0 0 0 0 0   	


0 0 0 0 0 0 0   	0 0 0 0 0 0 0   	0 0 0 0 0 1 1   	0 0 0 0 0 0 0   	
0 1 0 0 1 0 0   	0 0 0 0 0 0 0   	0 0 0 0 0 0 0   	0 0 0 0 0 0 0   	
0 0 0 0 0 0 0   	0 0 0 0 0 0 0   	0 0 0 0 0 0 0   	0 0 0 0 0 0 0   	
0 0 0 0 0 0 0   	0 0 0 0 0 0 0   	0 0 0 0 0 0 0   	0 0 0 0 0 0 0   	


0 0 0 0 0 0 0   	0 0 0 0 0 0 0   	0 0 0 0 0 0 0   	0 0 0 0 0 0 0   	
0 0 0 0 2 0 0   	0 0 0 0 0 0 0   	0 0 0 0 0 0 0   	0 0 0 0 0 0 0   	
0 0 0 1 0 0 0   	0 0 0 0 0 0 0   	0 0 0 0 0 0 0   	0 0 0 0 0 0 0   	
0 0 0 0 0 0 0   	0 0 0 0 0 0 0   	0 0 0 0 0 0 0   	0 0 0 0 0 0 0   	


0 0 0 0 0 0 0   	0 0 0 0 0 0 0   	0 0 0 0 0 1 1   	0 0 0 0 0 0 0   	
0 0 0 0 0 0 0   	0 0 0 0 0 0 0   	0 0 0 0 0 0 0   	0 0 0 0 0 0 0   	
1 0 1 0 0 0 0   	0 0 0 0 0 0 0   	0 0 0 0 0 0 0   	0 0 0 0 0 0 0   	
0 0 0 0 0 0 0   	0 0 0 0 0 0 0   	0 0 0 0 0 0 0   	0 0 0 0 0 0 0   	


#PL for worker 1 is: 1
#PL for worker 3 is: 1
#PL for worker 5 is: 1
#PL for worker 6 is: 1
#PL for worker 7 is: 1
#PL for worker 9 is: 1
#PL for worker 10 is: 1
#PL for worker 13 is: 1
#PL for worker 14 is: 1
#PL for worker 16 is: 1
#PL for worker 18 is: 2
#PL for worker 20 is: 1
#PL for worker 24 is: 1
#PL for worker 25 is: 1
#PL for worker 27 is: 1
#PL for worker 29 is: 1
#PL for worker 30 is: 1
#PL for worker 32 is: 1
#PL for worker 33 is: 1
#PL for worker 34 is: 1
#PL for worker 35 is: 2
#PL for worker 37 is: 1
lib_per_rot = 4 5 4 4 4 
ass_per_rot = 3 2 3 3 3 
Stand-ins Week 0
2 2 5 1 2 
Libs
2 2 2 1 2 
Ass
0 0 3 0 0 

Stand-ins Week 1
3 0 4 1 0 
Libs
3 0 3 1 0 
Ass
0 0 1 0 0 

Stand-ins Week 2
3 3 7 4 6 
Libs
1 3 4 4 3 
Ass
2 0 3 0 3 

Stand-ins Week 3
4 6 6 8 5 
Libs
3 3 3 6 4 
Ass
1 3 3 2 1 

Stand-ins Week 4
9 6 5 3 4 
Libs
5 3 3 2 3 
Ass
4 3 2 1 1 

Max(min stand-in) for this solution is: 0
Total number of stand-ins: 99
demand_tot_cost = 7200
demand_lib_cost (too few or too many) = 0
demand_ass_cost = 0
demand_PL_cost = 1200
demand_HB_cost = 30000
demand_evening_cost = 0
PL_amount_cost = 0
no_weekend_cost = 0

total_eval_cost = 38400
total_stand_in_cost = -1
*total_cost* = 38399
Best solution so far is 38400
Time where new best solution found is: 1.16



***Best iteration number: 4***
Number of librarians assigned: block, PL, HB, BokB
3 2 2 2 2 3 3   	0 0 1 0 0 0 0   	0 0 0 0 0 1 1   	0 0 0 0 0 0 0   	
3 3 4 4 4 0 0   	0 0 0 0 0 0 0   	0 0 0 0 0 0 0   	0 0 0 0 0 0 0   	
4 3 3 4 4 0 0   	0 0 0 0 0 0 0   	0 0 0 0 0 0 0   	0 0 0 0 0 0 0   	
3 4 4 3 3 0 0   	0 0 0 0 0 0 0   	0 0 0 0 0 0 0   	0 0 0 0 0 0 0   	


2 2 2 2 3 4 4   	1 1 0 0 1 0 0   	0 0 0 0 0 1 1   	0 0 0 0 0 0 0   	
4 3 6 4 3 0 0   	0 0 0 0 0 0 0   	0 0 0 0 0 0 0   	0 0 0 0 0 0 0   	
5 3 3 4 4 0 0   	0 0 0 0 0 0 0   	0 0 0 0 0 0 0   	0 0 0 0 0 0 0   	
3 4 4 3 4 0 0   	0 0 0 0 0 0 0   	0 0 0 0 0 0 0   	0 0 0 0 0 0 0   	


4 2 2 3 3 4 4   	0 1 1 0 0 0 0   	0 0 0 0 0 0 0   	0 0 0 0 0 0 0   	
4 4 4 3 3 0 0   	0 0 0 0 0 0 0   	0 0 0 0 0 0 0   	0 0 0 0 0 0 0   	
3 4 4 5 3 0 0   	0 0 0 0 0 0 0   	0 0 0 0 0 0 0   	0 0 0 0 0 0 0   	
3 4 4 3 4 0 0   	0 0 0 0 0 0 0   	0 0 0 0 0 0 0   	0 0 0 0 0 0 0   	


2 2 2 3 2 3 3   	1 1 1 0 0 0 0   	0 0 0 0 0 1 1   	0 0 0 0 0 0 0   	
5 3 4 3 4 0 0   	0 0 0 0 0 0 0   	0 0 0 0 0 0 0   	0 0 0 0 0 0 0   	
3 3 3 3 3 0 0   	0 0 0 0 0 0 0   	0 0 0 0 0 0 0   	0 0 0 0 0 0 0   	
3 4 4 4 3 0 0   	0 0 0 0 0 0 0   	0 0 0 0 0 0 0   	0 0 0 0 0 0 0   	


3 2 2 2 2 3 3   	0 0 1 1 1 0 0   	0 0 0 0 0 0 0   	0 0 0 0 0 0 0   	
5 3 3 3 4 0 0   	0 0 0 0 0 0 0   	0 0 0 0 0 0 0   	0 0 0 0 0 0 0   	
3 3 4 4 4 0 0   	0 0 0 0 0 0 0   	0 0 0 0 0 0 0   	0 0 0 0 0 0 0   	
3 4 4 3 3 0 0   	0 0 0 0 0 0 0   	0 0 0 0 0 0 0   	0 0 0 0 0 0 0   	


Number of assistants assigned: block, PL, HB, BokB
1 2 2 2 2 3 3   	1 0 0 1 1 0 0   	0 0 0 0 0 0 0   	0 0 0 0 0 0 0   	
3 3 2 2 2 0 0   	0 0 0 0 0 0 0   	0 0 0 0 0 0 0   	0 0 0 0 0 0 0   	
2 3 3 2 2 0 0   	0 0 0 0 0 0 0   	0 0 0 0 0 0 0   	0 0 0 0 0 0 0   	
3 2 2 3 3 0 0   	0 0 0 0 0 0 0   	0 0 0 0 0 0 0   	0 0 0 0 0 0 0   	


2 2 2 2 1 2 2   	0 0 1 1 0 0 0   	0 0 0 0 0 0 0   	0 0 0 0 0 0 0   	
2 3 0 2 3 0 0   	0 0 0 0 0 0 0   	0 0 0 0 0 0 0   	0 0 0 0 0 0 0   	
1 3 3 2 1 0 0   	0 0 0 0 0 0 0   	0 0 0 0 0 0 0   	0 0 0 0 0 0 0   	
3 2 2 3 2 0 0   	0 0 0 0 0 0 0   	0 0 0 0 0 0 0   	0 0 0 0 0 0 0   	


0 2 2 1 1 2 2   	1 0 0 1 1 0 0   	0 0 0 0 0 0 0   	0 0 0 0 0 0 0   	
2 2 2 3 2 0 0   	0 0 0 0 0 0 0   	0 0 0 0 0 0 0   	0 0 0 0 0 0 0   	
3 2 2 1 3 0 0   	0 0 0 0 0 0 0   	0 0 0 0 0 0 0   	0 0 0 0 0 0 0   	
3 2 2 3 2 0 0   	0 0 0 0 0 0 0   	0 0 0 0 0 0 0   	0 0 0 0 0 0 0   	


2 2 2 1 2 3 3   	0 0 0 1 1 0 0   	0 0 0 0 0 0 0   	0 0 0 0 0 0 0   	
1 3 2 3 1 0 0   	0 0 0 0 0 0 0   	0 0 0 0 0 0 0   	0 0 0 0 0 0 0   	
3 3 3 2 2 0 0   	0 0 0 0 0 0 0   	0 0 0 0 0 0 0   	0 0 0 0 0 0 0   	
3 2 2 2 3 0 0   	0 0 0 0 0 0 0   	0 0 0 0 0 0 0   	0 0 0 0 0 0 0   	


1 2 2 2 2 3 3   	1 1 0 0 0 0 0   	0 0 0 0 0 0 0   	0 0 0 0 0 0 0   	
1 3 2 3 2 0 0   	0 0 0 0 0 0 0   	0 0 0 0 0 0 0   	0 0 0 0 0 0 0   	
2 3 2 2 2 0 0   	0 0 0 0 0 0 0   	0 0 0 0 0 0 0   	0 0 0 0 0 0 0   	
3 2 2 3 3 0 0   	0 0 0 0 0 0 0   	0 0 0 0 0 0 0   	0 0 0 0 0 0 0   	



*** Demand difference *** in the library for: block, PL, HB, BokB
Negative values means overstaffing, positive means lack of workers
0 0 0 0 0 0 0   	0 1 0 0 0 0 0   	0 0 0 0 0 0 0   	0 0 0 0 0 0 0   	
0 0 0 0 0 0 0   	0 0 0 0 0 0 0   	0 0 0 0 0 0 0   	0 0 0 0 0 0 0   	
0 0 0 0 0 0 0   	0 0 0 0 0 0 0   	0 0 0 0 0 0 0   	0 0 0 0 0 0 0   	
0 0 0 0 0 0 0   	0 0 0 0 0 0 0   	0 0 0 0 0 0 0   	0 0 0 0 0 0 0   	


0 0 0 0 0 0 0   	0 0 0 0 0 0 0   	0 0 0 0 0 0 0   	0 0 0 0 0 0 0   	
0 0 0 0 0 0 0   	0 0 0 0 0 0 0   	0 0 0 0 0 0 0   	0 0 0 0 0 0 0   	
0 0 0 0 1 0 0   	0 0 0 0 0 0 0   	0 0 0 0 0 0 0   	0 0 0 0 0 0 0   	
0 0 0 0 0 0 0   	0 0 0 0 0 0 0   	0 0 0 0 0 0 0   	0 0 0 0 0 0 0   	


0 0 0 0 0 0 0   	0 0 0 0 0 0 0   	0 0 0 0 0 1 1   	0 0 0 0 0 0 0   	
0 0 0 0 1 0 0   	0 0 0 0 0 0 0   	0 0 0 0 0 0 0   	0 0 0 0 0 0 0   	
0 0 0 0 0 0 0   	0 0 0 0 0 0 0   	0 0 0 0 0 0 0   	0 0 0 0 0 0 0   	
0 0 0 0 0 0 0   	0 0 0 0 0 0 0   	0 0 0 0 0 0 0   	0 0 0 0 0 0 0   	


0 0 0 0 0 0 0   	0 0 0 0 0 0 0   	0 0 0 0 0 0 0   	0 0 0 0 0 0 0   	
0 0 0 0 1 0 0   	0 0 0 0 0 0 0   	0 0 0 0 0 0 0   	0 0 0 0 0 0 0   	
0 0 0 1 1 0 0   	0 0 0 0 0 0 0   	0 0 0 0 0 0 0   	0 0 0 0 0 0 0   	
0 0 0 0 0 0 0   	0 0 0 0 0 0 0   	0 0 0 0 0 0 0   	0 0 0 0 0 0 0   	


0 0 0 0 0 0 0   	0 0 0 0 0 0 0   	0 0 0 0 0 1 1   	0 0 0 0 0 0 0   	
0 0 1 0 0 0 0   	0 0 0 0 0 0 0   	0 0 0 0 0 0 0   	0 0 0 0 0 0 0   	
1 0 0 0 0 0 0   	0 0 0 0 0 0 0   	0 0 0 0 0 0 0   	0 0 0 0 0 0 0   	
0 0 0 0 0 0 0   	0 0 0 0 0 0 0   	0 0 0 0 0 0 0   	0 0 0 0 0 0 0   	


#PL for worker 1 is: 1
#PL for worker 3 is: 1
#PL for worker 5 is: 1
#PL for worker 6 is: 1
#PL for worker 7 is: 1
#PL for worker 9 is: 1
#PL for worker 10 is: 1
#PL for worker 13 is: 1
#PL for worker 14 is: 1
#PL for worker 16 is: 1
#PL for worker 18 is: 2
#PL for worker 20 is: 1
#PL for worker 24 is: 1
#PL for worker 25 is: 1
#PL for worker 27 is: 1
#PL for worker 29 is: 1
#PL for worker 30 is: 1
#PL for worker 32 is: 1
#PL for worker 33 is: 1
#PL for worker 34 is: 1
#PL for worker 35 is: 2
#PL for worker 37 is: 1
lib_per_rot = 4 5 4 4 4 
ass_per_rot = 3 2 3 3 3 
Stand-ins Week 0
3 1 5 1 2 
Libs
2 1 2 1 2 
Ass
1 0 3 0 0 

Stand-ins Week 1
2 0 3 1 0 
Libs
2 0 2 1 0 
Ass
0 0 1 0 0 

Stand-ins Week 2
3 3 7 4 6 
Libs
1 3 4 4 3 
Ass
2 0 3 0 3 

Stand-ins Week 3
4 6 6 8 5 
Libs
3 3 3 6 4 
Ass
1 3 3 2 1 

Stand-ins Week 4
8 6 5 3 4 
Libs
4 3 3 2 3 
Ass
4 3 2 1 1 

Max(min stand-in) for this solution is: 0
Total number of stand-ins: 96
demand_tot_cost = 5600
demand_lib_cost (too few or too many) = 0
demand_ass_cost = 0
demand_PL_cost = 1200
demand_HB_cost = 30000
demand_evening_cost = 0
PL_amount_cost = 0
no_weekend_cost = 0

total_eval_cost = 36800
total_stand_in_cost = -1
*total_cost* = 36799
Best solution so far is 36800
Time where new best solution found is: 1.41



***Best iteration number: 5***
Number of librarians assigned: block, PL, HB, BokB
3 3 2 2 2 2 2   	0 1 1 0 1 0 0   	0 0 0 0 0 1 1   	0 0 0 0 0 0 0   	
4 3 4 3 3 0 0   	0 0 0 0 0 0 0   	0 0 0 0 0 0 0   	0 0 0 0 0 0 0   	
3 3 3 4 4 0 0   	0 0 0 0 0 0 0   	0 0 0 0 0 0 0   	0 0 0 0 0 0 0   	
3 4 4 3 2 0 0   	0 0 0 0 0 0 0   	0 0 0 0 0 0 0   	0 0 0 0 0 0 0   	


3 3 3 2 3 3 3   	0 1 0 0 1 0 0   	0 0 0 0 0 1 1   	0 0 0 0 0 0 0   	
4 3 6 3 3 0 0   	0 0 0 0 0 0 0   	0 0 0 0 0 0 0   	0 0 0 0 0 0 0   	
4 4 3 5 5 0 0   	0 0 0 0 0 0 0   	0 0 0 0 0 0 0   	0 0 0 0 0 0 0   	
3 4 4 2 3 0 0   	0 0 0 0 0 0 0   	0 0 0 0 0 0 0   	0 0 0 0 0 0 0   	


2 2 3 2 3 3 3   	1 1 0 1 0 0 0   	0 0 0 0 0 1 1   	0 0 0 0 0 0 0   	
3 3 3 3 5 0 0   	0 0 0 0 0 0 0   	0 0 0 0 0 0 0   	0 0 0 0 0 0 0   	
3 4 3 6 3 0 0   	0 0 0 0 0 0 0   	0 0 0 0 0 0 0   	0 0 0 0 0 0 0   	
3 4 5 4 3 0 0   	0 0 0 0 0 0 0   	0 0 0 0 0 0 0   	0 0 0 0 0 0 0   	


4 2 3 2 3 4 4   	1 0 0 1 0 0 0   	0 0 0 0 0 1 1   	0 0 0 0 0 0 0   	
4 4 5 4 4 0 0   	0 0 0 0 0 0 0   	0 0 0 0 0 0 0   	0 0 0 0 0 0 0   	
3 3 4 4 4 0 0   	0 0 0 0 0 0 0   	0 0 0 0 0 0 0   	0 0 0 0 0 0 0   	
3 4 4 4 4 0 0   	0 0 0 0 0 0 0   	0 0 0 0 0 0 0   	0 0 0 0 0 0 0   	


2 4 2 2 2 3 3   	1 0 0 1 1 0 0   	0 0 0 0 0 1 1   	0 0 0 0 0 0 0   	
4 4 4 3 4 0 0   	0 0 0 0 0 0 0   	0 0 0 0 0 0 0   	0 0 0 0 0 0 0   	
4 3 3 5 3 0 0   	0 0 0 0 0 0 0   	0 0 0 0 0 0 0   	0 0 0 0 0 0 0   	
3 4 4 3 3 0 0   	0 0 0 0 0 0 0   	0 0 0 0 0 0 0   	0 0 0 0 0 0 0   	


Number of assistants assigned: block, PL, HB, BokB
1 1 2 2 2 3 3   	1 0 0 1 0 0 0   	0 0 0 0 0 0 0   	0 0 0 0 0 0 0   	
2 3 2 3 3 0 0   	0 0 0 0 0 0 0   	0 0 0 0 0 0 0   	0 0 0 0 0 0 0   	
3 3 3 2 1 0 0   	0 0 0 0 0 0 0   	0 0 0 0 0 0 0   	0 0 0 0 0 0 0   	
3 2 2 3 3 0 0   	0 0 0 0 0 0 0   	0 0 0 0 0 0 0   	0 0 0 0 0 0 0   	


1 1 1 2 1 3 3   	1 0 1 1 0 0 0   	0 0 0 0 0 0 0   	0 0 0 0 0 0 0   	
2 3 0 3 3 0 0   	0 0 0 0 0 0 0   	0 0 0 0 0 0 0   	0 0 0 0 0 0 0   	
2 2 3 1 1 0 0   	0 0 0 0 0 0 0   	0 0 0 0 0 0 0   	0 0 0 0 0 0 0   	
3 2 2 3 3 0 0   	0 0 0 0 0 0 0   	0 0 0 0 0 0 0   	0 0 0 0 0 0 0   	


2 2 1 2 1 3 3   	0 0 1 0 1 0 0   	0 0 0 0 0 0 0   	0 0 0 0 0 0 0   	
2 3 3 3 1 0 0   	0 0 0 0 0 0 0   	0 0 0 0 0 0 0   	0 0 0 0 0 0 0   	
3 2 3 0 3 0 0   	0 0 0 0 0 0 0   	0 0 0 0 0 0 0   	0 0 0 0 0 0 0   	
3 2 1 2 3 0 0   	0 0 0 0 0 0 0   	0 0 0 0 0 0 0   	0 0 0 0 0 0 0   	


0 2 1 2 1 2 2   	0 1 1 0 1 0 0   	0 0 0 0 0 0 0   	0 0 0 0 0 0 0   	
2 2 1 2 2 0 0   	0 0 0 0 0 0 0   	0 0 0 0 0 0 0   	0 0 0 0 0 0 0   	
3 3 2 2 2 0 0   	0 0 0 0 0 0 0   	0 0 0 0 0 0 0   	0 0 0 0 0 0 0   	
3 2 2 2 2 0 0   	0 0 0 0 0 0 0   	0 0 0 0 0 0 0   	0 0 0 0 0 0 0   	


2 0 1 2 2 3 3   	0 1 1 0 0 0 0   	0 0 0 0 0 0 0   	0 0 0 0 0 0 0   	
2 2 2 3 2 0 0   	0 0 0 0 0 0 0   	0 0 0 0 0 0 0   	0 0 0 0 0 0 0   	
2 2 3 1 3 0 0   	0 0 0 0 0 0 0   	0 0 0 0 0 0 0   	0 0 0 0 0 0 0   	
3 2 2 3 3 0 0   	0 0 0 0 0 0 0   	0 0 0 0 0 0 0   	0 0 0 0 0 0 0   	



*** Demand difference *** in the library for: block, PL, HB, BokB
Negative values means overstaffing, positive means lack of workers
0 0 0 0 0 1 1   	0 0 0 0 0 0 0   	0 0 0 0 0 0 0   	0 0 0 0 0 0 0   	
0 0 0 0 0 0 0   	0 0 0 0 0 0 0   	0 0 0 0 0 0 0   	0 0 0 0 0 0 0   	
0 0 0 0 1 0 0   	0 0 0 0 0 0 0   	0 0 0 0 0 0 0   	0 0 0 0 0 0 0   	
0 0 0 0 1 0 0   	0 0 0 0 0 0 0   	0 0 0 0 0 0 0   	0 0 0 0 0 0 0   	


0 0 0 0 0 0 0   	0 0 0 0 0 0 0   	0 0 0 0 0 0 0   	0 0 0 0 0 0 0   	
0 0 0 0 0 0 0   	0 0 0 0 0 0 0   	0 0 0 0 0 0 0   	0 0 0 0 0 0 0   	
0 0 0 0 0 0 0   	0 0 0 0 0 0 0   	0 0 0 0 0 0 0   	0 0 0 0 0 0 0   	
0 0 0 1 0 0 0   	0 0 0 0 0 0 0   	0 0 0 0 0 0 0   	0 0 0 0 0 0 0   	


0 0 0 0 0 0 0   	0 0 0 0 0 0 0   	0 0 0 0 0 0 0   	0 0 0 0 0 0 0   	
1 0 0 0 0 0 0   	0 0 0 0 0 0 0   	0 0 0 0 0 0 0   	0 0 0 0 0 0 0   	
0 0 0 0 0 0 0   	0 0 0 0 0 0 0   	0 0 0 0 0 0 0   	0 0 0 0 0 0 0   	
0 0 0 0 0 0 0   	0 0 0 0 0 0 0   	0 0 0 0 0 0 0   	0 0 0 0 0 0 0   	


0 0 0 0 0 0 0   	0 0 0 0 0 0 0   	0 0 0 0 0 0 0   	0 0 0 0 0 0 0   	
0 0 0 0 0 0 0   	0 0 0 0 0 0 0   	0 0 0 0 0 0 0   	0 0 0 0 0 0 0   	
0 0 0 0 0 0 0   	0 0 0 0 0 0 0   	0 0 0 0 0 0 0   	0 0 0 0 0 0 0   	
0 0 0 0 0 0 0   	0 0 0 0 0 0 0   	0 0 0 0 0 0 0   	0 0 0 0 0 0 0   	


0 0 1 0 0 0 0   	0 0 0 0 0 0 0   	0 0 0 0 0 0 0   	0 0 0 0 0 0 0   	
0 0 0 0 0 0 0   	0 0 0 0 0 0 0   	0 0 0 0 0 0 0   	0 0 0 0 0 0 0   	
0 1 0 0 0 0 0   	0 0 0 0 0 0 0   	0 0 0 0 0 0 0   	0 0 0 0 0 0 0   	
0 0 0 0 0 0 0   	0 0 0 0 0 0 0   	0 0 0 0 0 0 0   	0 0 0 0 0 0 0   	



(Too few) Evening cost trouble at week: 1 and day: 3
#PL for worker 1 is: 1
#PL for worker 2 is: 1
#PL for worker 5 is: 1
#PL for worker 6 is: 1
#PL for worker 8 is: 1
#PL for worker 9 is: 1
#PL for worker 10 is: 1
#PL for worker 13 is: 1
#PL for worker 14 is: 1
#PL for worker 16 is: 1
#PL for worker 18 is: 2
#PL for worker 20 is: 1
#PL for worker 24 is: 1
#PL for worker 25 is: 1
#PL for worker 27 is: 1
#PL for worker 29 is: 1
#PL for worker 30 is: 1
#PL for worker 31 is: 1
#PL for worker 32 is: 1
#PL for worker 33 is: 1
#PL for worker 34 is: 1
#PL for worker 35 is: 2
#PL for worker 37 is: 1
lib_per_rot = 4 4 4 5 4 
ass_per_rot = 3 3 3 2 3 
Stand-ins Week 0
3 2 2 4 5 
Libs
2 0 1 2 5 
Ass
1 2 1 2 0 

Stand-ins Week 1
5 1 4 1 0 
Libs
3 1 4 1 0 
Ass
2 0 0 0 0 

Stand-ins Week 2
1 5 7 3 8 
Libs
0 2 4 1 5 
Ass
1 3 3 2 3 

Stand-ins Week 3
3 1 5 4 4 
Libs
2 0 2 2 3 
Ass
1 1 3 2 1 

Stand-ins Week 4
4 2 4 4 3 
Libs
4 1 2 0 2 
Ass
0 1 2 4 1 

Max(min stand-in) for this solution is: 0
Total number of stand-ins: 85
demand_tot_cost = 4800
demand_lib_cost (too few or too many) = 0
demand_ass_cost = 0
demand_PL_cost = 0
demand_HB_cost = 0
demand_evening_cost = 20000
PL_amount_cost = 0
no_weekend_cost = 0

total_eval_cost = 24800
total_stand_in_cost = -1
*total_cost* = 24799
Best solution so far is 24800
Time where new best solution found is: 13.19



***Best iteration number: 6***
Number of librarians assigned: block, PL, HB, BokB
3 3 2 2 2 3 3   	0 1 1 0 1 0 0   	0 0 0 0 0 1 1   	0 0 0 0 0 0 0   	
4 3 4 3 3 0 0   	0 0 0 0 0 0 0   	0 0 0 0 0 0 0   	0 0 0 0 0 0 0   	
4 3 3 4 5 0 0   	0 0 0 0 0 0 0   	0 0 0 0 0 0 0   	0 0 0 0 0 0 0   	
3 4 4 3 3 0 0   	0 0 0 0 0 0 0   	0 0 0 0 0 0 0   	0 0 0 0 0 0 0   	


3 3 3 2 3 3 3   	0 1 0 0 1 0 0   	0 0 0 0 0 1 1   	0 0 0 0 0 0 0   	
4 3 6 3 3 0 0   	0 0 0 0 0 0 0   	0 0 0 0 0 0 0   	0 0 0 0 0 0 0   	
4 4 3 5 5 0 0   	0 0 0 0 0 0 0   	0 0 0 0 0 0 0   	0 0 0 0 0 0 0   	
3 4 4 2 3 0 0   	0 0 0 0 0 0 0   	0 0 0 0 0 0 0   	0 0 0 0 0 0 0   	


2 2 3 2 3 3 3   	1 1 0 1 0 0 0   	0 0 0 0 0 1 1   	0 0 0 0 0 0 0   	
3 3 4 3 5 0 0   	0 0 0 0 0 0 0   	0 0 0 0 0 0 0   	0 0 0 0 0 0 0   	
3 4 3 6 3 0 0   	0 0 0 0 0 0 0   	0 0 0 0 0 0 0   	0 0 0 0 0 0 0   	
3 4 5 4 3 0 0   	0 0 0 0 0 0 0   	0 0 0 0 0 0 0   	0 0 0 0 0 0 0   	


4 2 3 2 4 4 4   	1 0 0 1 0 0 0   	0 0 0 0 0 1 1   	0 0 0 0 0 0 0   	
4 4 4 4 3 0 0   	0 0 0 0 0 0 0   	0 0 0 0 0 0 0   	0 0 0 0 0 0 0   	
3 3 5 4 4 0 0   	0 0 0 0 0 0 0   	0 0 0 0 0 0 0   	0 0 0 0 0 0 0   	
3 4 4 4 4 0 0   	0 0 0 0 0 0 0   	0 0 0 0 0 0 0   	0 0 0 0 0 0 0   	


2 3 2 2 2 3 3   	1 0 0 1 0 0 0   	0 0 0 0 0 1 1   	0 0 0 0 0 0 0   	
3 4 4 3 4 0 0   	0 0 0 0 0 0 0   	0 0 0 0 0 0 0   	0 0 0 0 0 0 0   	
4 4 3 5 4 0 0   	0 0 0 0 0 0 0   	0 0 0 0 0 0 0   	0 0 0 0 0 0 0   	
3 4 4 3 3 0 0   	0 0 0 0 0 0 0   	0 0 0 0 0 0 0   	0 0 0 0 0 0 0   	


Number of assistants assigned: block, PL, HB, BokB
1 1 2 2 2 3 3   	1 0 0 1 0 0 0   	0 0 0 0 0 0 0   	0 0 0 0 0 0 0   	
2 3 2 3 3 0 0   	0 0 0 0 0 0 0   	0 0 0 0 0 0 0   	0 0 0 0 0 0 0   	
2 3 3 2 1 0 0   	0 0 0 0 0 0 0   	0 0 0 0 0 0 0   	0 0 0 0 0 0 0   	
3 2 2 3 3 0 0   	0 0 0 0 0 0 0   	0 0 0 0 0 0 0   	0 0 0 0 0 0 0   	


1 1 1 2 1 3 3   	1 0 1 1 0 0 0   	0 0 0 0 0 0 0   	0 0 0 0 0 0 0   	
2 3 0 3 3 0 0   	0 0 0 0 0 0 0   	0 0 0 0 0 0 0   	0 0 0 0 0 0 0   	
2 2 3 1 1 0 0   	0 0 0 0 0 0 0   	0 0 0 0 0 0 0   	0 0 0 0 0 0 0   	
3 2 2 3 3 0 0   	0 0 0 0 0 0 0   	0 0 0 0 0 0 0   	0 0 0 0 0 0 0   	


2 2 1 2 1 3 3   	0 0 1 0 1 0 0   	0 0 0 0 0 0 0   	0 0 0 0 0 0 0   	
2 3 2 3 1 0 0   	0 0 0 0 0 0 0   	0 0 0 0 0 0 0   	0 0 0 0 0 0 0   	
3 2 3 0 3 0 0   	0 0 0 0 0 0 0   	0 0 0 0 0 0 0   	0 0 0 0 0 0 0   	
3 2 1 2 3 0 0   	0 0 0 0 0 0 0   	0 0 0 0 0 0 0   	0 0 0 0 0 0 0   	


0 2 1 2 0 2 2   	0 1 1 0 1 0 0   	0 0 0 0 0 0 0   	0 0 0 0 0 0 0   	
2 2 2 2 3 0 0   	0 0 0 0 0 0 0   	0 0 0 0 0 0 0   	0 0 0 0 0 0 0   	
3 3 1 2 2 0 0   	0 0 0 0 0 0 0   	0 0 0 0 0 0 0   	0 0 0 0 0 0 0   	
3 2 2 2 2 0 0   	0 0 0 0 0 0 0   	0 0 0 0 0 0 0   	0 0 0 0 0 0 0   	


1 0 2 2 2 3 3   	0 1 1 0 0 0 0   	0 0 0 0 0 0 0   	0 0 0 0 0 0 0   	
3 2 2 3 2 0 0   	0 0 0 0 0 0 0   	0 0 0 0 0 0 0   	0 0 0 0 0 0 0   	
2 2 3 1 2 0 0   	0 0 0 0 0 0 0   	0 0 0 0 0 0 0   	0 0 0 0 0 0 0   	
3 2 2 3 3 0 0   	0 0 0 0 0 0 0   	0 0 0 0 0 0 0   	0 0 0 0 0 0 0   	



*** Demand difference *** in the library for: block, PL, HB, BokB
Negative values means overstaffing, positive means lack of workers
0 0 0 0 0 0 0   	0 0 0 0 0 0 0   	0 0 0 0 0 0 0   	0 0 0 0 0 0 0   	
0 0 0 0 0 0 0   	0 0 0 0 0 0 0   	0 0 0 0 0 0 0   	0 0 0 0 0 0 0   	
0 0 0 0 0 0 0   	0 0 0 0 0 0 0   	0 0 0 0 0 0 0   	0 0 0 0 0 0 0   	
0 0 0 0 0 0 0   	0 0 0 0 0 0 0   	0 0 0 0 0 0 0   	0 0 0 0 0 0 0   	


0 0 0 0 0 0 0   	0 0 0 0 0 0 0   	0 0 0 0 0 0 0   	0 0 0 0 0 0 0   	
0 0 0 0 0 0 0   	0 0 0 0 0 0 0   	0 0 0 0 0 0 0   	0 0 0 0 0 0 0   	
0 0 0 0 0 0 0   	0 0 0 0 0 0 0   	0 0 0 0 0 0 0   	0 0 0 0 0 0 0   	
0 0 0 1 0 0 0   	0 0 0 0 0 0 0   	0 0 0 0 0 0 0   	0 0 0 0 0 0 0   	


0 0 0 0 0 0 0   	0 0 0 0 0 0 0   	0 0 0 0 0 0 0   	0 0 0 0 0 0 0   	
1 0 0 0 0 0 0   	0 0 0 0 0 0 0   	0 0 0 0 0 0 0   	0 0 0 0 0 0 0   	
0 0 0 0 0 0 0   	0 0 0 0 0 0 0   	0 0 0 0 0 0 0   	0 0 0 0 0 0 0   	
0 0 0 0 0 0 0   	0 0 0 0 0 0 0   	0 0 0 0 0 0 0   	0 0 0 0 0 0 0   	


0 0 0 0 0 0 0   	0 0 0 0 0 0 0   	0 0 0 0 0 0 0   	0 0 0 0 0 0 0   	
0 0 0 0 0 0 0   	0 0 0 0 0 0 0   	0 0 0 0 0 0 0   	0 0 0 0 0 0 0   	
0 0 0 0 0 0 0   	0 0 0 0 0 0 0   	0 0 0 0 0 0 0   	0 0 0 0 0 0 0   	
0 0 0 0 0 0 0   	0 0 0 0 0 0 0   	0 0 0 0 0 0 0   	0 0 0 0 0 0 0   	


1 1 0 0 0 0 0   	0 0 0 0 1 0 0   	0 0 0 0 0 0 0   	0 0 0 0 0 0 0   	
0 0 0 0 0 0 0   	0 0 0 0 0 0 0   	0 0 0 0 0 0 0   	0 0 0 0 0 0 0   	
0 0 0 0 0 0 0   	0 0 0 0 0 0 0   	0 0 0 0 0 0 0   	0 0 0 0 0 0 0   	
0 0 0 0 0 0 0   	0 0 0 0 0 0 0   	0 0 0 0 0 0 0   	0 0 0 0 0 0 0   	



(Too few) Evening cost trouble at week: 1 and day: 3
#PL for worker 1 is: 1
#PL for worker 2 is: 1
#PL for worker 5 is: 1
#PL for worker 6 is: 1
#PL for worker 8 is: 1
#PL for worker 9 is: 1
#PL for worker 10 is: 1
#PL for worker 13 is: 1
#PL for worker 14 is: 1
#PL for worker 16 is: 1
#PL for worker 18 is: 2
#PL for worker 20 is: 1
#PL for worker 25 is: 1
#PL for worker 27 is: 1
#PL for worker 29 is: 1
#PL for worker 30 is: 1
#PL for worker 31 is: 1
#PL for worker 32 is: 1
#PL for worker 33 is: 1
#PL for worker 34 is: 1
#PL for worker 35 is: 2
#PL for worker 37 is: 1
lib_per_rot = 4 4 4 5 4 
ass_per_rot = 3 3 3 2 3 
Stand-ins Week 0
2 2 2 5 4 
Libs
1 0 1 3 4 
Ass
1 2 1 2 0 

Stand-ins Week 1
5 1 4 1 0 
Libs
3 1 3 1 0 
Ass
2 0 1 0 0 

Stand-ins Week 2
1 5 7 4 8 
Libs
0 2 4 2 5 
Ass
1 3 3 2 3 

Stand-ins Week 3
4 1 4 4 5 
Libs
3 0 2 2 3 
Ass
1 1 2 2 2 

Stand-ins Week 4
5 2 4 5 2 
Libs
4 1 2 1 1 
Ass
1 1 2 4 1 

Max(min stand-in) for this solution is: 0
Total number of stand-ins: 87
demand_tot_cost = 2400
demand_lib_cost (too few or too many) = 0
demand_ass_cost = 0
demand_PL_cost = 1200
demand_HB_cost = 0
demand_evening_cost = 20000
PL_amount_cost = 0
no_weekend_cost = 0

total_eval_cost = 23600
total_stand_in_cost = -1
*total_cost* = 23599
Best solution so far is 23600
Time where new best solution found is: 13.69



***Best iteration number: 7***
Number of librarians assigned: block, PL, HB, BokB
3 3 2 2 2 3 3   	0 1 1 0 1 0 0   	0 0 0 0 0 1 1   	0 0 0 0 0 0 0   	
4 3 4 3 3 0 0   	0 0 0 0 0 0 0   	0 0 0 0 0 0 0   	0 0 0 0 0 0 0   	
4 3 3 3 5 0 0   	0 0 0 0 0 0 0   	0 0 0 0 0 0 0   	0 0 0 0 0 0 0   	
3 4 4 3 3 0 0   	0 0 0 0 0 0 0   	0 0 0 0 0 0 0   	0 0 0 0 0 0 0   	


3 3 3 2 3 3 3   	0 1 0 0 1 0 0   	0 0 0 0 0 1 1   	0 0 0 0 0 0 0   	
4 3 6 2 3 0 0   	0 0 0 0 0 0 0   	0 0 0 0 0 0 0   	0 0 0 0 0 0 0   	
4 4 3 5 5 0 0   	0 0 0 0 0 0 0   	0 0 0 0 0 0 0   	0 0 0 0 0 0 0   	
3 4 4 3 3 0 0   	0 0 0 0 0 0 0   	0 0 0 0 0 0 0   	0 0 0 0 0 0 0   	


3 2 3 2 3 3 3   	1 1 0 1 0 0 0   	0 0 0 0 0 1 1   	0 0 0 0 0 0 0   	
3 3 3 3 5 0 0   	0 0 0 0 0 0 0   	0 0 0 0 0 0 0   	0 0 0 0 0 0 0   	
3 4 3 6 3 0 0   	0 0 0 0 0 0 0   	0 0 0 0 0 0 0   	0 0 0 0 0 0 0   	
3 4 5 4 3 0 0   	0 0 0 0 0 0 0   	0 0 0 0 0 0 0   	0 0 0 0 0 0 0   	


4 2 3 2 4 4 4   	1 0 0 1 0 0 0   	0 0 0 0 0 1 1   	0 0 0 0 0 0 0   	
3 4 4 4 3 0 0   	0 0 0 0 0 0 0   	0 0 0 0 0 0 0   	0 0 0 0 0 0 0   	
3 3 5 4 4 0 0   	0 0 0 0 0 0 0   	0 0 0 0 0 0 0   	0 0 0 0 0 0 0   	
3 4 4 4 4 0 0   	0 0 0 0 0 0 0   	0 0 0 0 0 0 0   	0 0 0 0 0 0 0   	


3 3 2 2 2 3 3   	1 0 0 1 0 0 0   	0 0 0 0 0 1 1   	0 0 0 0 0 0 0   	
3 4 4 3 4 0 0   	0 0 0 0 0 0 0   	0 0 0 0 0 0 0   	0 0 0 0 0 0 0   	
3 4 3 5 4 0 0   	0 0 0 0 0 0 0   	0 0 0 0 0 0 0   	0 0 0 0 0 0 0   	
3 4 4 3 3 0 0   	0 0 0 0 0 0 0   	0 0 0 0 0 0 0   	0 0 0 0 0 0 0   	


Number of assistants assigned: block, PL, HB, BokB
1 1 2 2 2 3 3   	1 0 0 1 0 0 0   	0 0 0 0 0 0 0   	0 0 0 0 0 0 0   	
2 3 2 3 3 0 0   	0 0 0 0 0 0 0   	0 0 0 0 0 0 0   	0 0 0 0 0 0 0   	
2 3 3 2 1 0 0   	0 0 0 0 0 0 0   	0 0 0 0 0 0 0   	0 0 0 0 0 0 0   	
3 2 2 3 3 0 0   	0 0 0 0 0 0 0   	0 0 0 0 0 0 0   	0 0 0 0 0 0 0   	


1 1 1 2 1 3 3   	1 0 1 1 0 0 0   	0 0 0 0 0 0 0   	0 0 0 0 0 0 0   	
2 3 0 3 3 0 0   	0 0 0 0 0 0 0   	0 0 0 0 0 0 0   	0 0 0 0 0 0 0   	
2 2 3 1 1 0 0   	0 0 0 0 0 0 0   	0 0 0 0 0 0 0   	0 0 0 0 0 0 0   	
3 2 2 3 3 0 0   	0 0 0 0 0 0 0   	0 0 0 0 0 0 0   	0 0 0 0 0 0 0   	


1 2 1 2 1 3 3   	0 0 1 0 1 0 0   	0 0 0 0 0 0 0   	0 0 0 0 0 0 0   	
3 3 2 3 1 0 0   	0 0 0 0 0 0 0   	0 0 0 0 0 0 0   	0 0 0 0 0 0 0   	
3 2 3 0 3 0 0   	0 0 0 0 0 0 0   	0 0 0 0 0 0 0   	0 0 0 0 0 0 0   	
3 2 1 2 3 0 0   	0 0 0 0 0 0 0   	0 0 0 0 0 0 0   	0 0 0 0 0 0 0   	


0 2 1 2 0 2 2   	0 0 1 0 1 0 0   	0 0 0 0 0 0 0   	0 0 0 0 0 0 0   	
2 2 2 2 3 0 0   	0 0 0 0 0 0 0   	0 0 0 0 0 0 0   	0 0 0 0 0 0 0   	
3 3 1 2 2 0 0   	0 0 0 0 0 0 0   	0 0 0 0 0 0 0   	0 0 0 0 0 0 0   	
3 2 2 2 2 0 0   	0 0 0 0 0 0 0   	0 0 0 0 0 0 0   	0 0 0 0 0 0 0   	


1 1 1 2 2 3 3   	0 1 1 0 1 0 0   	0 0 0 0 0 0 0   	0 0 0 0 0 0 0   	
3 2 2 3 2 0 0   	0 0 0 0 0 0 0   	0 0 0 0 0 0 0   	0 0 0 0 0 0 0   	
2 2 3 1 1 0 0   	0 0 0 0 0 0 0   	0 0 0 0 0 0 0   	0 0 0 0 0 0 0   	
3 2 2 3 3 0 0   	0 0 0 0 0 0 0   	0 0 0 0 0 0 0   	0 0 0 0 0 0 0   	



*** Demand difference *** in the library for: block, PL, HB, BokB
Negative values means overstaffing, positive means lack of workers
0 0 0 0 0 0 0   	0 0 0 0 0 0 0   	0 0 0 0 0 0 0   	0 0 0 0 0 0 0   	
0 0 0 0 0 0 0   	0 0 0 0 0 0 0   	0 0 0 0 0 0 0   	0 0 0 0 0 0 0   	
0 0 0 1 0 0 0   	0 0 0 0 0 0 0   	0 0 0 0 0 0 0   	0 0 0 0 0 0 0   	
0 0 0 0 0 0 0   	0 0 0 0 0 0 0   	0 0 0 0 0 0 0   	0 0 0 0 0 0 0   	


0 0 0 0 0 0 0   	0 0 0 0 0 0 0   	0 0 0 0 0 0 0   	0 0 0 0 0 0 0   	
0 0 0 1 0 0 0   	0 0 0 0 0 0 0   	0 0 0 0 0 0 0   	0 0 0 0 0 0 0   	
0 0 0 0 0 0 0   	0 0 0 0 0 0 0   	0 0 0 0 0 0 0   	0 0 0 0 0 0 0   	
0 0 0 0 0 0 0   	0 0 0 0 0 0 0   	0 0 0 0 0 0 0   	0 0 0 0 0 0 0   	


0 0 0 0 0 0 0   	0 0 0 0 0 0 0   	0 0 0 0 0 0 0   	0 0 0 0 0 0 0   	
0 0 1 0 0 0 0   	0 0 0 0 0 0 0   	0 0 0 0 0 0 0   	0 0 0 0 0 0 0   	
0 0 0 0 0 0 0   	0 0 0 0 0 0 0   	0 0 0 0 0 0 0   	0 0 0 0 0 0 0   	
0 0 0 0 0 0 0   	0 0 0 0 0 0 0   	0 0 0 0 0 0 0   	0 0 0 0 0 0 0   	


0 0 0 0 0 0 0   	0 1 0 0 0 0 0   	0 0 0 0 0 0 0   	0 0 0 0 0 0 0   	
1 0 0 0 0 0 0   	0 0 0 0 0 0 0   	0 0 0 0 0 0 0   	0 0 0 0 0 0 0   	
0 0 0 0 0 0 0   	0 0 0 0 0 0 0   	0 0 0 0 0 0 0   	0 0 0 0 0 0 0   	
0 0 0 0 0 0 0   	0 0 0 0 0 0 0   	0 0 0 0 0 0 0   	0 0 0 0 0 0 0   	


0 0 1 0 0 0 0   	0 0 0 0 0 0 0   	0 0 0 0 0 0 0   	0 0 0 0 0 0 0   	
0 0 0 0 0 0 0   	0 0 0 0 0 0 0   	0 0 0 0 0 0 0   	0 0 0 0 0 0 0   	
1 0 0 0 1 0 0   	0 0 0 0 0 0 0   	0 0 0 0 0 0 0   	0 0 0 0 0 0 0   	
0 0 0 0 0 0 0   	0 0 0 0 0 0 0   	0 0 0 0 0 0 0   	0 0 0 0 0 0 0   	


#PL for worker 1 is: 1
#PL for worker 2 is: 1
#PL for worker 5 is: 1
#PL for worker 6 is: 1
#PL for worker 9 is: 1
#PL for worker 10 is: 1
#PL for worker 13 is: 1
#PL for worker 14 is: 1
#PL for worker 16 is: 1
#PL for worker 18 is: 2
#PL for worker 20 is: 1
#PL for worker 24 is: 1
#PL for worker 25 is: 1
#PL for worker 27 is: 1
#PL for worker 29 is: 1
#PL for worker 30 is: 1
#PL for worker 31 is: 1
#PL for worker 32 is: 1
#PL for worker 33 is: 1
#PL for worker 34 is: 1
#PL for worker 35 is: 2
#PL for worker 37 is: 1
lib_per_rot = 4 4 4 5 4 
ass_per_rot = 3 3 3 2 3 
Stand-ins Week 0
2 2 2 5 4 
Libs
1 0 1 3 4 
Ass
1 2 1 2 0 

Stand-ins Week 1
5 1 4 1 0 
Libs
3 1 3 1 0 
Ass
2 0 1 0 0 

Stand-ins Week 2
1 5 7 4 8 
Libs
0 2 4 2 5 
Ass
1 3 3 2 3 

Stand-ins Week 3
3 2 5 4 5 
Libs
2 0 3 2 3 
Ass
1 2 2 2 2 

Stand-ins Week 4
6 1 5 5 2 
Libs
5 1 2 1 1 
Ass
1 0 3 4 1 

Max(min stand-in) for this solution is: 0
Total number of stand-ins: 89
demand_tot_cost = 5600
demand_lib_cost (too few or too many) = 0
demand_ass_cost = 0
demand_PL_cost = 1200
demand_HB_cost = 0
demand_evening_cost = 0
PL_amount_cost = 0
no_weekend_cost = 0

total_eval_cost = 6800
total_stand_in_cost = -1
*total_cost* = 6799
Best solution so far is 6800
Time where new best solution found is: 14.09
Entering final phase!
PL_amount_cost is: 0
Number of librarians assigned: block, PL, HB, BokB
3 3 2 2 2 3 3   	0 1 1 0 1 0 0   	0 0 0 0 0 1 1   	0 0 0 0 0 0 0   	
4 3 4 3 3 0 0   	0 0 0 0 0 0 0   	0 0 0 0 0 0 0   	0 0 0 0 0 0 0   	
4 3 3 3 5 0 0   	0 0 0 0 0 0 0   	0 0 0 0 0 0 0   	0 0 0 0 0 0 0   	
3 4 4 3 3 0 0   	0 0 0 0 0 0 0   	0 0 0 0 0 0 0   	0 0 0 0 0 0 0   	


3 3 3 2 3 3 3   	0 1 0 0 1 0 0   	0 0 0 0 0 1 1   	0 0 0 0 0 0 0   	
4 3 6 2 3 0 0   	0 0 0 0 0 0 0   	0 0 0 0 0 0 0   	0 0 0 0 0 0 0   	
4 4 3 5 5 0 0   	0 0 0 0 0 0 0   	0 0 0 0 0 0 0   	0 0 0 0 0 0 0   	
3 4 4 3 3 0 0   	0 0 0 0 0 0 0   	0 0 0 0 0 0 0   	0 0 0 0 0 0 0   	


3 2 3 2 3 3 3   	1 1 0 1 0 0 0   	0 0 0 0 0 1 1   	0 0 0 0 0 0 0   	
3 3 3 3 5 0 0   	0 0 0 0 0 0 0   	0 0 0 0 0 0 0   	0 0 0 0 0 0 0   	
3 4 3 6 3 0 0   	0 0 0 0 0 0 0   	0 0 0 0 0 0 0   	0 0 0 0 0 0 0   	
3 4 5 4 3 0 0   	0 0 0 0 0 0 0   	0 0 0 0 0 0 0   	0 0 0 0 0 0 0   	


4 2 3 2 4 4 4   	1 0 0 1 0 0 0   	0 0 0 0 0 1 1   	0 0 0 0 0 0 0   	
3 4 4 4 3 0 0   	0 0 0 0 0 0 0   	0 0 0 0 0 0 0   	0 0 0 0 0 0 0   	
3 3 5 4 4 0 0   	0 0 0 0 0 0 0   	0 0 0 0 0 0 0   	0 0 0 0 0 0 0   	
3 4 4 4 4 0 0   	0 0 0 0 0 0 0   	0 0 0 0 0 0 0   	0 0 0 0 0 0 0   	


3 3 2 2 2 3 3   	1 0 0 1 0 0 0   	0 0 0 0 0 1 1   	0 0 0 0 0 0 0   	
3 4 4 3 4 0 0   	0 0 0 0 0 0 0   	0 0 0 0 0 0 0   	0 0 0 0 0 0 0   	
3 4 3 5 4 0 0   	0 0 0 0 0 0 0   	0 0 0 0 0 0 0   	0 0 0 0 0 0 0   	
3 4 4 3 3 0 0   	0 0 0 0 0 0 0   	0 0 0 0 0 0 0   	0 0 0 0 0 0 0   	


Number of assistants assigned: block, PL, HB, BokB
1 1 2 2 2 3 3   	1 0 0 1 0 0 0   	0 0 0 0 0 0 0   	0 0 0 0 0 0 0   	
2 3 2 3 3 0 0   	0 0 0 0 0 0 0   	0 0 0 0 0 0 0   	0 0 0 0 0 0 0   	
2 2 3 3 1 0 0   	0 0 0 0 0 0 0   	0 0 0 0 0 0 0   	0 0 0 0 0 0 0   	
3 2 2 3 3 0 0   	0 0 0 0 0 0 0   	0 0 0 0 0 0 0   	0 0 0 0 0 0 0   	


1 1 1 2 1 3 3   	1 0 1 1 0 0 0   	0 0 0 0 0 0 0   	0 0 0 0 0 0 0   	
2 3 0 3 3 0 0   	0 0 0 0 0 0 0   	0 0 0 0 0 0 0   	0 0 0 0 0 0 0   	
2 2 3 1 1 0 0   	0 0 0 0 0 0 0   	0 0 0 0 0 0 0   	0 0 0 0 0 0 0   	
3 2 2 3 3 0 0   	0 0 0 0 0 0 0   	0 0 0 0 0 0 0   	0 0 0 0 0 0 0   	


1 2 0 2 1 3 3   	0 0 1 0 1 0 0   	0 0 0 0 0 0 0   	0 0 0 0 0 0 0   	
3 3 3 3 1 0 0   	0 0 0 0 0 0 0   	0 0 0 0 0 0 0   	0 0 0 0 0 0 0   	
3 2 3 0 3 0 0   	0 0 0 0 0 0 0   	0 0 0 0 0 0 0   	0 0 0 0 0 0 0   	
3 2 1 2 3 0 0   	0 0 0 0 0 0 0   	0 0 0 0 0 0 0   	0 0 0 0 0 0 0   	


0 2 1 2 0 2 2   	0 0 1 0 1 0 0   	0 0 0 0 0 0 0   	0 0 0 0 0 0 0   	
2 2 2 2 3 0 0   	0 0 0 0 0 0 0   	0 0 0 0 0 0 0   	0 0 0 0 0 0 0   	
3 3 1 2 2 0 0   	0 0 0 0 0 0 0   	0 0 0 0 0 0 0   	0 0 0 0 0 0 0   	
3 2 2 2 2 0 0   	0 0 0 0 0 0 0   	0 0 0 0 0 0 0   	0 0 0 0 0 0 0   	


1 1 2 2 2 3 3   	0 1 1 0 1 0 0   	0 0 0 0 0 0 0   	0 0 0 0 0 0 0   	
2 2 1 3 2 0 0   	0 0 0 0 0 0 0   	0 0 0 0 0 0 0   	0 0 0 0 0 0 0   	
3 2 3 1 2 0 0   	0 0 0 0 0 0 0   	0 0 0 0 0 0 0   	0 0 0 0 0 0 0   	
3 2 2 3 3 0 0   	0 0 0 0 0 0 0   	0 0 0 0 0 0 0   	0 0 0 0 0 0 0   	



*** Demand difference *** in the library for: block, PL, HB, BokB
Negative values means overstaffing, positive means lack of workers
0 0 0 0 0 0 0   	0 0 0 0 0 0 0   	0 0 0 0 0 0 0   	0 0 0 0 0 0 0   	
0 0 0 0 0 0 0   	0 0 0 0 0 0 0   	0 0 0 0 0 0 0   	0 0 0 0 0 0 0   	
0 1 0 0 0 0 0   	0 0 0 0 0 0 0   	0 0 0 0 0 0 0   	0 0 0 0 0 0 0   	
0 0 0 0 0 0 0   	0 0 0 0 0 0 0   	0 0 0 0 0 0 0   	0 0 0 0 0 0 0   	


0 0 0 0 0 0 0   	0 0 0 0 0 0 0   	0 0 0 0 0 0 0   	0 0 0 0 0 0 0   	
0 0 0 1 0 0 0   	0 0 0 0 0 0 0   	0 0 0 0 0 0 0   	0 0 0 0 0 0 0   	
0 0 0 0 0 0 0   	0 0 0 0 0 0 0   	0 0 0 0 0 0 0   	0 0 0 0 0 0 0   	
0 0 0 0 0 0 0   	0 0 0 0 0 0 0   	0 0 0 0 0 0 0   	0 0 0 0 0 0 0   	


0 0 1 0 0 0 0   	0 0 0 0 0 0 0   	0 0 0 0 0 0 0   	0 0 0 0 0 0 0   	
0 0 0 0 0 0 0   	0 0 0 0 0 0 0   	0 0 0 0 0 0 0   	0 0 0 0 0 0 0   	
0 0 0 0 0 0 0   	0 0 0 0 0 0 0   	0 0 0 0 0 0 0   	0 0 0 0 0 0 0   	
0 0 0 0 0 0 0   	0 0 0 0 0 0 0   	0 0 0 0 0 0 0   	0 0 0 0 0 0 0   	


0 0 0 0 0 0 0   	0 1 0 0 0 0 0   	0 0 0 0 0 0 0   	0 0 0 0 0 0 0   	
1 0 0 0 0 0 0   	0 0 0 0 0 0 0   	0 0 0 0 0 0 0   	0 0 0 0 0 0 0   	
0 0 0 0 0 0 0   	0 0 0 0 0 0 0   	0 0 0 0 0 0 0   	0 0 0 0 0 0 0   	
0 0 0 0 0 0 0   	0 0 0 0 0 0 0   	0 0 0 0 0 0 0   	0 0 0 0 0 0 0   	


0 0 0 0 0 0 0   	0 0 0 0 0 0 0   	0 0 0 0 0 0 0   	0 0 0 0 0 0 0   	
1 0 1 0 0 0 0   	0 0 0 0 0 0 0   	0 0 0 0 0 0 0   	0 0 0 0 0 0 0   	
0 0 0 0 0 0 0   	0 0 0 0 0 0 0   	0 0 0 0 0 0 0   	0 0 0 0 0 0 0   	
0 0 0 0 0 0 0   	0 0 0 0 0 0 0   	0 0 0 0 0 0 0   	0 0 0 0 0 0 0   	


#PL for worker 1 is: 1
#PL for worker 2 is: 1
#PL for worker 5 is: 1
#PL for worker 6 is: 1
#PL for worker 9 is: 1
#PL for worker 10 is: 1
#PL for worker 13 is: 1
#PL for worker 14 is: 1
#PL for worker 16 is: 1
#PL for worker 18 is: 2
#PL for worker 20 is: 1
#PL for worker 24 is: 1
#PL for worker 25 is: 1
#PL for worker 27 is: 1
#PL for worker 29 is: 1
#PL for worker 30 is: 1
#PL for worker 31 is: 1
#PL for worker 32 is: 1
#PL for worker 33 is: 1
#PL for worker 34 is: 1
#PL for worker 35 is: 2
#PL for worker 37 is: 1
lib_per_rot = 4 4 4 5 4 
ass_per_rot = 3 3 3 2 3 
Stand-ins Week 0
2 2 2 5 4 
Libs
1 0 1 3 4 
Ass
1 2 1 2 0 

Stand-ins Week 1
5 1 4 1 0 
Libs
3 1 3 1 0 
Ass
2 0 1 0 0 

Stand-ins Week 2
1 5 7 4 7 
Libs
0 2 4 2 5 
Ass
1 3 3 2 2 

Stand-ins Week 3
3 3 5 3 5 
Libs
2 0 3 2 3 
Ass
1 3 2 1 2 

Stand-ins Week 4
6 1 5 5 2 
Libs
5 1 2 1 1 
Ass
1 0 3 4 1 

Max(min stand-in) for this solution is: 0
Total number of stand-ins: 88
demand_tot_cost = 4800
demand_lib_cost (too few or too many) = 0
demand_ass_cost = 0
demand_PL_cost = 1200
demand_HB_cost = 0
demand_evening_cost = 0
PL_amount_cost = 0
no_weekend_cost = 0

total_eval_cost = 6000
total_stand_in_cost = -1
*total_cost* = 5999
New solution found: 6000
Number of librarians assigned: block, PL, HB, BokB
3 3 2 2 2 3 3   	0 1 1 0 1 0 0   	0 0 0 0 0 1 1   	0 0 0 0 0 0 0   	
4 3 4 3 3 0 0   	0 0 0 0 0 0 0   	0 0 0 0 0 0 0   	0 0 0 0 0 0 0   	
4 3 3 3 5 0 0   	0 0 0 0 0 0 0   	0 0 0 0 0 0 0   	0 0 0 0 0 0 0   	
3 4 4 3 3 0 0   	0 0 0 0 0 0 0   	0 0 0 0 0 0 0   	0 0 0 0 0 0 0   	


3 3 3 2 3 3 3   	0 1 0 0 1 0 0   	0 0 0 0 0 1 1   	0 0 0 0 0 0 0   	
4 3 6 2 3 0 0   	0 0 0 0 0 0 0   	0 0 0 0 0 0 0   	0 0 0 0 0 0 0   	
4 4 3 5 5 0 0   	0 0 0 0 0 0 0   	0 0 0 0 0 0 0   	0 0 0 0 0 0 0   	
3 4 4 3 3 0 0   	0 0 0 0 0 0 0   	0 0 0 0 0 0 0   	0 0 0 0 0 0 0   	


3 2 3 2 3 3 3   	1 1 0 1 0 0 0   	0 0 0 0 0 1 1   	0 0 0 0 0 0 0   	
3 3 3 3 5 0 0   	0 0 0 0 0 0 0   	0 0 0 0 0 0 0   	0 0 0 0 0 0 0   	
3 4 3 6 3 0 0   	0 0 0 0 0 0 0   	0 0 0 0 0 0 0   	0 0 0 0 0 0 0   	
3 4 5 4 3 0 0   	0 0 0 0 0 0 0   	0 0 0 0 0 0 0   	0 0 0 0 0 0 0   	


4 2 3 2 4 4 4   	1 0 0 1 0 0 0   	0 0 0 0 0 1 1   	0 0 0 0 0 0 0   	
3 4 4 4 3 0 0   	0 0 0 0 0 0 0   	0 0 0 0 0 0 0   	0 0 0 0 0 0 0   	
3 3 5 4 4 0 0   	0 0 0 0 0 0 0   	0 0 0 0 0 0 0   	0 0 0 0 0 0 0   	
3 4 4 4 4 0 0   	0 0 0 0 0 0 0   	0 0 0 0 0 0 0   	0 0 0 0 0 0 0   	


3 3 2 2 2 3 3   	1 0 0 1 0 0 0   	0 0 0 0 0 1 1   	0 0 0 0 0 0 0   	
3 4 4 3 4 0 0   	0 0 0 0 0 0 0   	0 0 0 0 0 0 0   	0 0 0 0 0 0 0   	
3 4 3 5 4 0 0   	0 0 0 0 0 0 0   	0 0 0 0 0 0 0   	0 0 0 0 0 0 0   	
3 4 4 3 3 0 0   	0 0 0 0 0 0 0   	0 0 0 0 0 0 0   	0 0 0 0 0 0 0   	


Number of assistants assigned: block, PL, HB, BokB
1 1 2 2 2 3 3   	1 0 0 1 0 0 0   	0 0 0 0 0 0 0   	0 0 0 0 0 0 0   	
2 3 2 3 3 0 0   	0 0 0 0 0 0 0   	0 0 0 0 0 0 0   	0 0 0 0 0 0 0   	
2 2 3 3 1 0 0   	0 0 0 0 0 0 0   	0 0 0 0 0 0 0   	0 0 0 0 0 0 0   	
3 2 2 3 3 0 0   	0 0 0 0 0 0 0   	0 0 0 0 0 0 0   	0 0 0 0 0 0 0   	


1 1 1 2 1 3 3   	1 0 1 1 0 0 0   	0 0 0 0 0 0 0   	0 0 0 0 0 0 0   	
2 3 0 3 3 0 0   	0 0 0 0 0 0 0   	0 0 0 0 0 0 0   	0 0 0 0 0 0 0   	
2 2 3 1 1 0 0   	0 0 0 0 0 0 0   	0 0 0 0 0 0 0   	0 0 0 0 0 0 0   	
3 2 2 3 3 0 0   	0 0 0 0 0 0 0   	0 0 0 0 0 0 0   	0 0 0 0 0 0 0   	


1 2 1 2 1 3 3   	0 0 1 0 1 0 0   	0 0 0 0 0 0 0   	0 0 0 0 0 0 0   	
3 3 3 3 1 0 0   	0 0 0 0 0 0 0   	0 0 0 0 0 0 0   	0 0 0 0 0 0 0   	
3 2 3 0 3 0 0   	0 0 0 0 0 0 0   	0 0 0 0 0 0 0   	0 0 0 0 0 0 0   	
3 2 1 2 3 0 0   	0 0 0 0 0 0 0   	0 0 0 0 0 0 0   	0 0 0 0 0 0 0   	


0 2 1 2 0 2 2   	0 0 1 0 1 0 0   	0 0 0 0 0 0 0   	0 0 0 0 0 0 0   	
3 2 2 2 3 0 0   	0 0 0 0 0 0 0   	0 0 0 0 0 0 0   	0 0 0 0 0 0 0   	
3 3 1 2 2 0 0   	0 0 0 0 0 0 0   	0 0 0 0 0 0 0   	0 0 0 0 0 0 0   	
3 2 2 2 2 0 0   	0 0 0 0 0 0 0   	0 0 0 0 0 0 0   	0 0 0 0 0 0 0   	


1 1 2 2 2 3 3   	0 1 1 0 1 0 0   	0 0 0 0 0 0 0   	0 0 0 0 0 0 0   	
3 2 1 3 2 0 0   	0 0 0 0 0 0 0   	0 0 0 0 0 0 0   	0 0 0 0 0 0 0   	
3 2 3 1 2 0 0   	0 0 0 0 0 0 0   	0 0 0 0 0 0 0   	0 0 0 0 0 0 0   	
3 2 2 3 3 0 0   	0 0 0 0 0 0 0   	0 0 0 0 0 0 0   	0 0 0 0 0 0 0   	



*** Demand difference *** in the library for: block, PL, HB, BokB
Negative values means overstaffing, positive means lack of workers
0 0 0 0 0 0 0   	0 0 0 0 0 0 0   	0 0 0 0 0 0 0   	0 0 0 0 0 0 0   	
0 0 0 0 0 0 0   	0 0 0 0 0 0 0   	0 0 0 0 0 0 0   	0 0 0 0 0 0 0   	
0 1 0 0 0 0 0   	0 0 0 0 0 0 0   	0 0 0 0 0 0 0   	0 0 0 0 0 0 0   	
0 0 0 0 0 0 0   	0 0 0 0 0 0 0   	0 0 0 0 0 0 0   	0 0 0 0 0 0 0   	


0 0 0 0 0 0 0   	0 0 0 0 0 0 0   	0 0 0 0 0 0 0   	0 0 0 0 0 0 0   	
0 0 0 1 0 0 0   	0 0 0 0 0 0 0   	0 0 0 0 0 0 0   	0 0 0 0 0 0 0   	
0 0 0 0 0 0 0   	0 0 0 0 0 0 0   	0 0 0 0 0 0 0   	0 0 0 0 0 0 0   	
0 0 0 0 0 0 0   	0 0 0 0 0 0 0   	0 0 0 0 0 0 0   	0 0 0 0 0 0 0   	


0 0 0 0 0 0 0   	0 0 0 0 0 0 0   	0 0 0 0 0 0 0   	0 0 0 0 0 0 0   	
0 0 0 0 0 0 0   	0 0 0 0 0 0 0   	0 0 0 0 0 0 0   	0 0 0 0 0 0 0   	
0 0 0 0 0 0 0   	0 0 0 0 0 0 0   	0 0 0 0 0 0 0   	0 0 0 0 0 0 0   	
0 0 0 0 0 0 0   	0 0 0 0 0 0 0   	0 0 0 0 0 0 0   	0 0 0 0 0 0 0   	


0 0 0 0 0 0 0   	0 1 0 0 0 0 0   	0 0 0 0 0 0 0   	0 0 0 0 0 0 0   	
0 0 0 0 0 0 0   	0 0 0 0 0 0 0   	0 0 0 0 0 0 0   	0 0 0 0 0 0 0   	
0 0 0 0 0 0 0   	0 0 0 0 0 0 0   	0 0 0 0 0 0 0   	0 0 0 0 0 0 0   	
0 0 0 0 0 0 0   	0 0 0 0 0 0 0   	0 0 0 0 0 0 0   	0 0 0 0 0 0 0   	


0 0 0 0 0 0 0   	0 0 0 0 0 0 0   	0 0 0 0 0 0 0   	0 0 0 0 0 0 0   	
0 0 1 0 0 0 0   	0 0 0 0 0 0 0   	0 0 0 0 0 0 0   	0 0 0 0 0 0 0   	
0 0 0 0 0 0 0   	0 0 0 0 0 0 0   	0 0 0 0 0 0 0   	0 0 0 0 0 0 0   	
0 0 0 0 0 0 0   	0 0 0 0 0 0 0   	0 0 0 0 0 0 0   	0 0 0 0 0 0 0   	


#PL for worker 1 is: 1
#PL for worker 2 is: 1
#PL for worker 5 is: 1
#PL for worker 6 is: 1
#PL for worker 9 is: 1
#PL for worker 10 is: 1
#PL for worker 13 is: 1
#PL for worker 14 is: 1
#PL for worker 16 is: 1
#PL for worker 18 is: 2
#PL for worker 20 is: 1
#PL for worker 24 is: 1
#PL for worker 25 is: 1
#PL for worker 27 is: 1
#PL for worker 29 is: 1
#PL for worker 30 is: 1
#PL for worker 31 is: 1
#PL for worker 32 is: 1
#PL for worker 33 is: 1
#PL for worker 34 is: 1
#PL for worker 35 is: 2
#PL for worker 37 is: 1
lib_per_rot = 4 4 4 5 4 
ass_per_rot = 3 3 3 2 3 
Stand-ins Week 0
2 2 2 5 4 
Libs
1 0 1 3 4 
Ass
1 2 1 2 0 

Stand-ins Week 1
4 1 4 1 0 
Libs
3 1 3 1 0 
Ass
1 0 1 0 0 

Stand-ins Week 2
0 5 7 4 7 
Libs
0 2 4 2 5 
Ass
0 3 3 2 2 

Stand-ins Week 3
3 3 5 3 5 
Libs
2 0 3 2 3 
Ass
1 3 2 1 2 

Stand-ins Week 4
6 1 5 5 2 
Libs
5 1 2 1 1 
Ass
1 0 3 4 1 

Max(min stand-in) for this solution is: 0
Total number of stand-ins: 86
demand_tot_cost = 2400
demand_lib_cost (too few or too many) = 0
demand_ass_cost = 0
demand_PL_cost = 1200
demand_HB_cost = 0
demand_evening_cost = 0
PL_amount_cost = 0
no_weekend_cost = 0

total_eval_cost = 3600
total_stand_in_cost = -1
*total_cost* = 3599
New solution found: 3600
Number of librarians assigned: block, PL, HB, BokB
3 3 2 2 2 3 3   	0 1 1 0 1 0 0   	0 0 0 0 0 1 1   	0 0 0 0 0 0 0   	
4 3 4 3 3 0 0   	0 0 0 0 0 0 0   	0 0 0 0 0 0 0   	0 0 0 0 0 0 0   	
4 3 3 3 5 0 0   	0 0 0 0 0 0 0   	0 0 0 0 0 0 0   	0 0 0 0 0 0 0   	
3 4 4 3 3 0 0   	0 0 0 0 0 0 0   	0 0 0 0 0 0 0   	0 0 0 0 0 0 0   	


3 3 3 2 3 3 3   	0 1 0 0 1 0 0   	0 0 0 0 0 1 1   	0 0 0 0 0 0 0   	
4 3 6 2 3 0 0   	0 0 0 0 0 0 0   	0 0 0 0 0 0 0   	0 0 0 0 0 0 0   	
4 4 3 5 5 0 0   	0 0 0 0 0 0 0   	0 0 0 0 0 0 0   	0 0 0 0 0 0 0   	
3 4 4 3 3 0 0   	0 0 0 0 0 0 0   	0 0 0 0 0 0 0   	0 0 0 0 0 0 0   	


3 2 3 2 3 3 3   	1 1 0 1 0 0 0   	0 0 0 0 0 1 1   	0 0 0 0 0 0 0   	
3 3 3 3 5 0 0   	0 0 0 0 0 0 0   	0 0 0 0 0 0 0   	0 0 0 0 0 0 0   	
3 4 3 6 3 0 0   	0 0 0 0 0 0 0   	0 0 0 0 0 0 0   	0 0 0 0 0 0 0   	
3 4 5 4 3 0 0   	0 0 0 0 0 0 0   	0 0 0 0 0 0 0   	0 0 0 0 0 0 0   	


4 2 3 2 4 4 4   	1 0 0 1 0 0 0   	0 0 0 0 0 1 1   	0 0 0 0 0 0 0   	
3 4 4 4 3 0 0   	0 0 0 0 0 0 0   	0 0 0 0 0 0 0   	0 0 0 0 0 0 0   	
3 3 5 4 4 0 0   	0 0 0 0 0 0 0   	0 0 0 0 0 0 0   	0 0 0 0 0 0 0   	
3 4 4 4 4 0 0   	0 0 0 0 0 0 0   	0 0 0 0 0 0 0   	0 0 0 0 0 0 0   	


3 3 2 2 2 3 3   	1 0 0 1 0 0 0   	0 0 0 0 0 1 1   	0 0 0 0 0 0 0   	
3 4 5 3 4 0 0   	0 0 0 0 0 0 0   	0 0 0 0 0 0 0   	0 0 0 0 0 0 0   	
3 4 3 5 4 0 0   	0 0 0 0 0 0 0   	0 0 0 0 0 0 0   	0 0 0 0 0 0 0   	
3 4 4 3 3 0 0   	0 0 0 0 0 0 0   	0 0 0 0 0 0 0   	0 0 0 0 0 0 0   	


Number of assistants assigned: block, PL, HB, BokB
1 1 2 2 2 3 3   	1 0 0 1 0 0 0   	0 0 0 0 0 0 0   	0 0 0 0 0 0 0   	
2 3 2 3 3 0 0   	0 0 0 0 0 0 0   	0 0 0 0 0 0 0   	0 0 0 0 0 0 0   	
2 2 3 3 1 0 0   	0 0 0 0 0 0 0   	0 0 0 0 0 0 0   	0 0 0 0 0 0 0   	
3 2 2 3 3 0 0   	0 0 0 0 0 0 0   	0 0 0 0 0 0 0   	0 0 0 0 0 0 0   	


1 1 1 2 1 3 3   	1 0 1 1 0 0 0   	0 0 0 0 0 0 0   	0 0 0 0 0 0 0   	
2 3 0 3 3 0 0   	0 0 0 0 0 0 0   	0 0 0 0 0 0 0   	0 0 0 0 0 0 0   	
2 2 3 1 1 0 0   	0 0 0 0 0 0 0   	0 0 0 0 0 0 0   	0 0 0 0 0 0 0   	
3 2 2 3 3 0 0   	0 0 0 0 0 0 0   	0 0 0 0 0 0 0   	0 0 0 0 0 0 0   	


1 2 1 2 1 3 3   	0 0 1 0 1 0 0   	0 0 0 0 0 0 0   	0 0 0 0 0 0 0   	
3 3 3 3 1 0 0   	0 0 0 0 0 0 0   	0 0 0 0 0 0 0   	0 0 0 0 0 0 0   	
3 2 3 0 3 0 0   	0 0 0 0 0 0 0   	0 0 0 0 0 0 0   	0 0 0 0 0 0 0   	
3 2 1 2 3 0 0   	0 0 0 0 0 0 0   	0 0 0 0 0 0 0   	0 0 0 0 0 0 0   	


0 2 1 2 0 2 2   	0 0 1 0 1 0 0   	0 0 0 0 0 0 0   	0 0 0 0 0 0 0   	
3 2 2 2 3 0 0   	0 0 0 0 0 0 0   	0 0 0 0 0 0 0   	0 0 0 0 0 0 0   	
3 3 1 2 2 0 0   	0 0 0 0 0 0 0   	0 0 0 0 0 0 0   	0 0 0 0 0 0 0   	
3 2 2 2 2 0 0   	0 0 0 0 0 0 0   	0 0 0 0 0 0 0   	0 0 0 0 0 0 0   	


1 1 2 2 2 3 3   	0 1 1 0 1 0 0   	0 0 0 0 0 0 0   	0 0 0 0 0 0 0   	
3 2 1 3 2 0 0   	0 0 0 0 0 0 0   	0 0 0 0 0 0 0   	0 0 0 0 0 0 0   	
3 2 3 1 2 0 0   	0 0 0 0 0 0 0   	0 0 0 0 0 0 0   	0 0 0 0 0 0 0   	
3 2 2 3 3 0 0   	0 0 0 0 0 0 0   	0 0 0 0 0 0 0   	0 0 0 0 0 0 0   	



*** Demand difference *** in the library for: block, PL, HB, BokB
Negative values means overstaffing, positive means lack of workers
0 0 0 0 0 0 0   	0 0 0 0 0 0 0   	0 0 0 0 0 0 0   	0 0 0 0 0 0 0   	
0 0 0 0 0 0 0   	0 0 0 0 0 0 0   	0 0 0 0 0 0 0   	0 0 0 0 0 0 0   	
0 1 0 0 0 0 0   	0 0 0 0 0 0 0   	0 0 0 0 0 0 0   	0 0 0 0 0 0 0   	
0 0 0 0 0 0 0   	0 0 0 0 0 0 0   	0 0 0 0 0 0 0   	0 0 0 0 0 0 0   	


0 0 0 0 0 0 0   	0 0 0 0 0 0 0   	0 0 0 0 0 0 0   	0 0 0 0 0 0 0   	
0 0 0 1 0 0 0   	0 0 0 0 0 0 0   	0 0 0 0 0 0 0   	0 0 0 0 0 0 0   	
0 0 0 0 0 0 0   	0 0 0 0 0 0 0   	0 0 0 0 0 0 0   	0 0 0 0 0 0 0   	
0 0 0 0 0 0 0   	0 0 0 0 0 0 0   	0 0 0 0 0 0 0   	0 0 0 0 0 0 0   	


0 0 0 0 0 0 0   	0 0 0 0 0 0 0   	0 0 0 0 0 0 0   	0 0 0 0 0 0 0   	
0 0 0 0 0 0 0   	0 0 0 0 0 0 0   	0 0 0 0 0 0 0   	0 0 0 0 0 0 0   	
0 0 0 0 0 0 0   	0 0 0 0 0 0 0   	0 0 0 0 0 0 0   	0 0 0 0 0 0 0   	
0 0 0 0 0 0 0   	0 0 0 0 0 0 0   	0 0 0 0 0 0 0   	0 0 0 0 0 0 0   	


0 0 0 0 0 0 0   	0 1 0 0 0 0 0   	0 0 0 0 0 0 0   	0 0 0 0 0 0 0   	
0 0 0 0 0 0 0   	0 0 0 0 0 0 0   	0 0 0 0 0 0 0   	0 0 0 0 0 0 0   	
0 0 0 0 0 0 0   	0 0 0 0 0 0 0   	0 0 0 0 0 0 0   	0 0 0 0 0 0 0   	
0 0 0 0 0 0 0   	0 0 0 0 0 0 0   	0 0 0 0 0 0 0   	0 0 0 0 0 0 0   	


0 0 0 0 0 0 0   	0 0 0 0 0 0 0   	0 0 0 0 0 0 0   	0 0 0 0 0 0 0   	
0 0 0 0 0 0 0   	0 0 0 0 0 0 0   	0 0 0 0 0 0 0   	0 0 0 0 0 0 0   	
0 0 0 0 0 0 0   	0 0 0 0 0 0 0   	0 0 0 0 0 0 0   	0 0 0 0 0 0 0   	
0 0 0 0 0 0 0   	0 0 0 0 0 0 0   	0 0 0 0 0 0 0   	0 0 0 0 0 0 0   	


#PL for worker 1 is: 1
#PL for worker 2 is: 1
#PL for worker 5 is: 1
#PL for worker 6 is: 1
#PL for worker 9 is: 1
#PL for worker 10 is: 1
#PL for worker 13 is: 1
#PL for worker 14 is: 1
#PL for worker 16 is: 1
#PL for worker 18 is: 2
#PL for worker 20 is: 1
#PL for worker 24 is: 1
#PL for worker 25 is: 1
#PL for worker 27 is: 1
#PL for worker 29 is: 1
#PL for worker 30 is: 1
#PL for worker 31 is: 1
#PL for worker 32 is: 1
#PL for worker 33 is: 1
#PL for worker 34 is: 1
#PL for worker 35 is: 2
#PL for worker 37 is: 1
lib_per_rot = 4 4 4 5 4 
ass_per_rot = 3 3 3 2 3 
Stand-ins Week 0
2 2 2 5 4 
Libs
1 0 1 3 4 
Ass
1 2 1 2 0 

Stand-ins Week 1
4 1 4 1 0 
Libs
3 1 3 1 0 
Ass
1 0 1 0 0 

Stand-ins Week 2
0 5 7 4 7 
Libs
0 2 4 2 5 
Ass
0 3 3 2 2 

Stand-ins Week 3
3 3 4 3 5 
Libs
2 0 2 2 3 
Ass
1 3 2 1 2 

Stand-ins Week 4
6 1 5 5 2 
Libs
5 1 2 1 1 
Ass
1 0 3 4 1 

Max(min stand-in) for this solution is: 0
Total number of stand-ins: 85
demand_tot_cost = 1600
demand_lib_cost (too few or too many) = 0
demand_ass_cost = 0
demand_PL_cost = 1200
demand_HB_cost = 0
demand_evening_cost = 0
PL_amount_cost = 0
no_weekend_cost = 0

total_eval_cost = 2800
total_stand_in_cost = -1
*total_cost* = 2799
New solution found: 2800
Number of librarians assigned: block, PL, HB, BokB
3 3 2 2 2 3 3   	0 1 1 0 1 0 0   	0 0 0 0 0 1 1   	0 0 0 0 0 0 0   	
4 3 4 3 3 0 0   	0 0 0 0 0 0 0   	0 0 0 0 0 0 0   	0 0 0 0 0 0 0   	
4 3 3 3 5 0 0   	0 0 0 0 0 0 0   	0 0 0 0 0 0 0   	0 0 0 0 0 0 0   	
3 4 4 3 3 0 0   	0 0 0 0 0 0 0   	0 0 0 0 0 0 0   	0 0 0 0 0 0 0   	


3 3 3 2 3 3 3   	0 1 0 0 1 0 0   	0 0 0 0 0 1 1   	0 0 0 0 0 0 0   	
4 3 6 3 3 0 0   	0 0 0 0 0 0 0   	0 0 0 0 0 0 0   	0 0 0 0 0 0 0   	
4 4 3 5 5 0 0   	0 0 0 0 0 0 0   	0 0 0 0 0 0 0   	0 0 0 0 0 0 0   	
3 4 4 3 3 0 0   	0 0 0 0 0 0 0   	0 0 0 0 0 0 0   	0 0 0 0 0 0 0   	


3 2 3 2 3 3 3   	1 1 0 1 0 0 0   	0 0 0 0 0 1 1   	0 0 0 0 0 0 0   	
3 3 3 3 5 0 0   	0 0 0 0 0 0 0   	0 0 0 0 0 0 0   	0 0 0 0 0 0 0   	
3 4 3 6 3 0 0   	0 0 0 0 0 0 0   	0 0 0 0 0 0 0   	0 0 0 0 0 0 0   	
3 4 5 4 3 0 0   	0 0 0 0 0 0 0   	0 0 0 0 0 0 0   	0 0 0 0 0 0 0   	


4 2 3 2 4 4 4   	1 0 0 1 0 0 0   	0 0 0 0 0 1 1   	0 0 0 0 0 0 0   	
3 4 4 4 3 0 0   	0 0 0 0 0 0 0   	0 0 0 0 0 0 0   	0 0 0 0 0 0 0   	
3 3 5 4 4 0 0   	0 0 0 0 0 0 0   	0 0 0 0 0 0 0   	0 0 0 0 0 0 0   	
3 4 4 4 4 0 0   	0 0 0 0 0 0 0   	0 0 0 0 0 0 0   	0 0 0 0 0 0 0   	


3 3 2 2 2 3 3   	1 0 0 1 0 0 0   	0 0 0 0 0 1 1   	0 0 0 0 0 0 0   	
3 4 5 3 4 0 0   	0 0 0 0 0 0 0   	0 0 0 0 0 0 0   	0 0 0 0 0 0 0   	
3 4 3 5 4 0 0   	0 0 0 0 0 0 0   	0 0 0 0 0 0 0   	0 0 0 0 0 0 0   	
3 4 4 3 3 0 0   	0 0 0 0 0 0 0   	0 0 0 0 0 0 0   	0 0 0 0 0 0 0   	


Number of assistants assigned: block, PL, HB, BokB
1 1 2 2 2 3 3   	1 0 0 1 0 0 0   	0 0 0 0 0 0 0   	0 0 0 0 0 0 0   	
2 3 2 3 3 0 0   	0 0 0 0 0 0 0   	0 0 0 0 0 0 0   	0 0 0 0 0 0 0   	
2 2 3 3 1 0 0   	0 0 0 0 0 0 0   	0 0 0 0 0 0 0   	0 0 0 0 0 0 0   	
3 2 2 3 3 0 0   	0 0 0 0 0 0 0   	0 0 0 0 0 0 0   	0 0 0 0 0 0 0   	


1 1 1 2 1 3 3   	1 0 1 1 0 0 0   	0 0 0 0 0 0 0   	0 0 0 0 0 0 0   	
2 3 0 3 3 0 0   	0 0 0 0 0 0 0   	0 0 0 0 0 0 0   	0 0 0 0 0 0 0   	
2 2 3 1 1 0 0   	0 0 0 0 0 0 0   	0 0 0 0 0 0 0   	0 0 0 0 0 0 0   	
3 2 2 3 3 0 0   	0 0 0 0 0 0 0   	0 0 0 0 0 0 0   	0 0 0 0 0 0 0   	


1 2 1 2 1 3 3   	0 0 1 0 1 0 0   	0 0 0 0 0 0 0   	0 0 0 0 0 0 0   	
3 3 3 3 1 0 0   	0 0 0 0 0 0 0   	0 0 0 0 0 0 0   	0 0 0 0 0 0 0   	
3 2 3 0 3 0 0   	0 0 0 0 0 0 0   	0 0 0 0 0 0 0   	0 0 0 0 0 0 0   	
3 2 1 2 3 0 0   	0 0 0 0 0 0 0   	0 0 0 0 0 0 0   	0 0 0 0 0 0 0   	


0 2 1 2 0 2 2   	0 0 1 0 1 0 0   	0 0 0 0 0 0 0   	0 0 0 0 0 0 0   	
3 2 2 2 3 0 0   	0 0 0 0 0 0 0   	0 0 0 0 0 0 0   	0 0 0 0 0 0 0   	
3 3 1 2 2 0 0   	0 0 0 0 0 0 0   	0 0 0 0 0 0 0   	0 0 0 0 0 0 0   	
3 2 2 2 2 0 0   	0 0 0 0 0 0 0   	0 0 0 0 0 0 0   	0 0 0 0 0 0 0   	


1 1 2 2 2 3 3   	0 1 1 0 1 0 0   	0 0 0 0 0 0 0   	0 0 0 0 0 0 0   	
3 2 1 3 2 0 0   	0 0 0 0 0 0 0   	0 0 0 0 0 0 0   	0 0 0 0 0 0 0   	
3 2 3 1 2 0 0   	0 0 0 0 0 0 0   	0 0 0 0 0 0 0   	0 0 0 0 0 0 0   	
3 2 2 3 3 0 0   	0 0 0 0 0 0 0   	0 0 0 0 0 0 0   	0 0 0 0 0 0 0   	



*** Demand difference *** in the library for: block, PL, HB, BokB
Negative values means overstaffing, positive means lack of workers
0 0 0 0 0 0 0   	0 0 0 0 0 0 0   	0 0 0 0 0 0 0   	0 0 0 0 0 0 0   	
0 0 0 0 0 0 0   	0 0 0 0 0 0 0   	0 0 0 0 0 0 0   	0 0 0 0 0 0 0   	
0 1 0 0 0 0 0   	0 0 0 0 0 0 0   	0 0 0 0 0 0 0   	0 0 0 0 0 0 0   	
0 0 0 0 0 0 0   	0 0 0 0 0 0 0   	0 0 0 0 0 0 0   	0 0 0 0 0 0 0   	


0 0 0 0 0 0 0   	0 0 0 0 0 0 0   	0 0 0 0 0 0 0   	0 0 0 0 0 0 0   	
0 0 0 0 0 0 0   	0 0 0 0 0 0 0   	0 0 0 0 0 0 0   	0 0 0 0 0 0 0   	
0 0 0 0 0 0 0   	0 0 0 0 0 0 0   	0 0 0 0 0 0 0   	0 0 0 0 0 0 0   	
0 0 0 0 0 0 0   	0 0 0 0 0 0 0   	0 0 0 0 0 0 0   	0 0 0 0 0 0 0   	


0 0 0 0 0 0 0   	0 0 0 0 0 0 0   	0 0 0 0 0 0 0   	0 0 0 0 0 0 0   	
0 0 0 0 0 0 0   	0 0 0 0 0 0 0   	0 0 0 0 0 0 0   	0 0 0 0 0 0 0   	
0 0 0 0 0 0 0   	0 0 0 0 0 0 0   	0 0 0 0 0 0 0   	0 0 0 0 0 0 0   	
0 0 0 0 0 0 0   	0 0 0 0 0 0 0   	0 0 0 0 0 0 0   	0 0 0 0 0 0 0   	


0 0 0 0 0 0 0   	0 1 0 0 0 0 0   	0 0 0 0 0 0 0   	0 0 0 0 0 0 0   	
0 0 0 0 0 0 0   	0 0 0 0 0 0 0   	0 0 0 0 0 0 0   	0 0 0 0 0 0 0   	
0 0 0 0 0 0 0   	0 0 0 0 0 0 0   	0 0 0 0 0 0 0   	0 0 0 0 0 0 0   	
0 0 0 0 0 0 0   	0 0 0 0 0 0 0   	0 0 0 0 0 0 0   	0 0 0 0 0 0 0   	


0 0 0 0 0 0 0   	0 0 0 0 0 0 0   	0 0 0 0 0 0 0   	0 0 0 0 0 0 0   	
0 0 0 0 0 0 0   	0 0 0 0 0 0 0   	0 0 0 0 0 0 0   	0 0 0 0 0 0 0   	
0 0 0 0 0 0 0   	0 0 0 0 0 0 0   	0 0 0 0 0 0 0   	0 0 0 0 0 0 0   	
0 0 0 0 0 0 0   	0 0 0 0 0 0 0   	0 0 0 0 0 0 0   	0 0 0 0 0 0 0   	


#PL for worker 1 is: 1
#PL for worker 2 is: 1
#PL for worker 5 is: 1
#PL for worker 6 is: 1
#PL for worker 9 is: 1
#PL for worker 10 is: 1
#PL for worker 13 is: 1
#PL for worker 14 is: 1
#PL for worker 16 is: 1
#PL for worker 18 is: 2
#PL for worker 20 is: 1
#PL for worker 24 is: 1
#PL for worker 25 is: 1
#PL for worker 27 is: 1
#PL for worker 29 is: 1
#PL for worker 30 is: 1
#PL for worker 31 is: 1
#PL for worker 32 is: 1
#PL for worker 33 is: 1
#PL for worker 34 is: 1
#PL for worker 35 is: 2
#PL for worker 37 is: 1
lib_per_rot = 4 4 4 5 4 
ass_per_rot = 3 3 3 2 3 
Stand-ins Week 0
2 2 2 4 4 
Libs
1 0 1 2 4 
Ass
1 2 1 2 0 

Stand-ins Week 1
4 1 4 1 0 
Libs
3 1 3 1 0 
Ass
1 0 1 0 0 

Stand-ins Week 2
0 5 7 4 7 
Libs
0 2 4 2 5 
Ass
0 3 3 2 2 

Stand-ins Week 3
3 3 4 3 5 
Libs
2 0 2 2 3 
Ass
1 3 2 1 2 

Stand-ins Week 4
6 1 5 5 2 
Libs
5 1 2 1 1 
Ass
1 0 3 4 1 

Max(min stand-in) for this solution is: 0
Total number of stand-ins: 84
demand_tot_cost = 800
demand_lib_cost (too few or too many) = 0
demand_ass_cost = 0
demand_PL_cost = 1200
demand_HB_cost = 0
demand_evening_cost = 0
PL_amount_cost = 0
no_weekend_cost = 0

total_eval_cost = 2000
total_stand_in_cost = -1
*total_cost* = 1999
New solution found: 2000
Number of librarians assigned: block, PL, HB, BokB
3 3 2 2 2 3 3   	0 1 1 0 1 0 0   	0 0 0 0 0 1 1   	0 0 0 0 0 0 0   	
4 3 4 3 3 0 0   	0 0 0 0 0 0 0   	0 0 0 0 0 0 0   	0 0 0 0 0 0 0   	
4 3 3 3 5 0 0   	0 0 0 0 0 0 0   	0 0 0 0 0 0 0   	0 0 0 0 0 0 0   	
3 4 4 3 3 0 0   	0 0 0 0 0 0 0   	0 0 0 0 0 0 0   	0 0 0 0 0 0 0   	


3 3 3 2 3 3 3   	0 1 0 0 1 0 0   	0 0 0 0 0 1 1   	0 0 0 0 0 0 0   	
4 3 6 3 3 0 0   	0 0 0 0 0 0 0   	0 0 0 0 0 0 0   	0 0 0 0 0 0 0   	
4 4 3 5 5 0 0   	0 0 0 0 0 0 0   	0 0 0 0 0 0 0   	0 0 0 0 0 0 0   	
3 4 4 3 3 0 0   	0 0 0 0 0 0 0   	0 0 0 0 0 0 0   	0 0 0 0 0 0 0   	


3 2 3 2 3 3 3   	1 1 0 1 0 0 0   	0 0 0 0 0 1 1   	0 0 0 0 0 0 0   	
3 3 3 3 5 0 0   	0 0 0 0 0 0 0   	0 0 0 0 0 0 0   	0 0 0 0 0 0 0   	
3 4 3 6 3 0 0   	0 0 0 0 0 0 0   	0 0 0 0 0 0 0   	0 0 0 0 0 0 0   	
3 4 5 4 3 0 0   	0 0 0 0 0 0 0   	0 0 0 0 0 0 0   	0 0 0 0 0 0 0   	


4 2 3 2 4 4 4   	1 0 0 1 0 0 0   	0 0 0 0 0 1 1   	0 0 0 0 0 0 0   	
3 4 4 4 3 0 0   	0 0 0 0 0 0 0   	0 0 0 0 0 0 0   	0 0 0 0 0 0 0   	
3 3 5 4 4 0 0   	0 0 0 0 0 0 0   	0 0 0 0 0 0 0   	0 0 0 0 0 0 0   	
3 4 4 4 4 0 0   	0 0 0 0 0 0 0   	0 0 0 0 0 0 0   	0 0 0 0 0 0 0   	


3 3 2 2 2 3 3   	1 0 0 1 0 0 0   	0 0 0 0 0 1 1   	0 0 0 0 0 0 0   	
3 4 5 3 4 0 0   	0 0 0 0 0 0 0   	0 0 0 0 0 0 0   	0 0 0 0 0 0 0   	
3 4 3 5 4 0 0   	0 0 0 0 0 0 0   	0 0 0 0 0 0 0   	0 0 0 0 0 0 0   	
3 4 4 3 3 0 0   	0 0 0 0 0 0 0   	0 0 0 0 0 0 0   	0 0 0 0 0 0 0   	


Number of assistants assigned: block, PL, HB, BokB
1 1 2 2 2 3 3   	1 0 0 1 0 0 0   	0 0 0 0 0 0 0   	0 0 0 0 0 0 0   	
2 3 2 3 3 0 0   	0 0 0 0 0 0 0   	0 0 0 0 0 0 0   	0 0 0 0 0 0 0   	
2 3 3 3 1 0 0   	0 0 0 0 0 0 0   	0 0 0 0 0 0 0   	0 0 0 0 0 0 0   	
3 2 2 3 3 0 0   	0 0 0 0 0 0 0   	0 0 0 0 0 0 0   	0 0 0 0 0 0 0   	


1 1 1 2 1 3 3   	1 0 1 1 0 0 0   	0 0 0 0 0 0 0   	0 0 0 0 0 0 0   	
2 3 0 3 3 0 0   	0 0 0 0 0 0 0   	0 0 0 0 0 0 0   	0 0 0 0 0 0 0   	
2 2 3 1 1 0 0   	0 0 0 0 0 0 0   	0 0 0 0 0 0 0   	0 0 0 0 0 0 0   	
3 2 2 3 3 0 0   	0 0 0 0 0 0 0   	0 0 0 0 0 0 0   	0 0 0 0 0 0 0   	


1 2 1 2 1 3 3   	0 0 1 0 1 0 0   	0 0 0 0 0 0 0   	0 0 0 0 0 0 0   	
3 3 3 3 1 0 0   	0 0 0 0 0 0 0   	0 0 0 0 0 0 0   	0 0 0 0 0 0 0   	
3 2 3 0 3 0 0   	0 0 0 0 0 0 0   	0 0 0 0 0 0 0   	0 0 0 0 0 0 0   	
3 2 1 2 3 0 0   	0 0 0 0 0 0 0   	0 0 0 0 0 0 0   	0 0 0 0 0 0 0   	


0 2 1 2 0 2 2   	0 0 1 0 1 0 0   	0 0 0 0 0 0 0   	0 0 0 0 0 0 0   	
3 2 2 2 3 0 0   	0 0 0 0 0 0 0   	0 0 0 0 0 0 0   	0 0 0 0 0 0 0   	
3 3 1 2 2 0 0   	0 0 0 0 0 0 0   	0 0 0 0 0 0 0   	0 0 0 0 0 0 0   	
3 2 2 2 2 0 0   	0 0 0 0 0 0 0   	0 0 0 0 0 0 0   	0 0 0 0 0 0 0   	


1 1 2 2 2 3 3   	0 1 1 0 1 0 0   	0 0 0 0 0 0 0   	0 0 0 0 0 0 0   	
3 2 1 3 2 0 0   	0 0 0 0 0 0 0   	0 0 0 0 0 0 0   	0 0 0 0 0 0 0   	
3 2 3 1 2 0 0   	0 0 0 0 0 0 0   	0 0 0 0 0 0 0   	0 0 0 0 0 0 0   	
3 2 2 3 3 0 0   	0 0 0 0 0 0 0   	0 0 0 0 0 0 0   	0 0 0 0 0 0 0   	



*** Demand difference *** in the library for: block, PL, HB, BokB
Negative values means overstaffing, positive means lack of workers
0 0 0 0 0 0 0   	0 0 0 0 0 0 0   	0 0 0 0 0 0 0   	0 0 0 0 0 0 0   	
0 0 0 0 0 0 0   	0 0 0 0 0 0 0   	0 0 0 0 0 0 0   	0 0 0 0 0 0 0   	
0 0 0 0 0 0 0   	0 0 0 0 0 0 0   	0 0 0 0 0 0 0   	0 0 0 0 0 0 0   	
0 0 0 0 0 0 0   	0 0 0 0 0 0 0   	0 0 0 0 0 0 0   	0 0 0 0 0 0 0   	


0 0 0 0 0 0 0   	0 0 0 0 0 0 0   	0 0 0 0 0 0 0   	0 0 0 0 0 0 0   	
0 0 0 0 0 0 0   	0 0 0 0 0 0 0   	0 0 0 0 0 0 0   	0 0 0 0 0 0 0   	
0 0 0 0 0 0 0   	0 0 0 0 0 0 0   	0 0 0 0 0 0 0   	0 0 0 0 0 0 0   	
0 0 0 0 0 0 0   	0 0 0 0 0 0 0   	0 0 0 0 0 0 0   	0 0 0 0 0 0 0   	


0 0 0 0 0 0 0   	0 0 0 0 0 0 0   	0 0 0 0 0 0 0   	0 0 0 0 0 0 0   	
0 0 0 0 0 0 0   	0 0 0 0 0 0 0   	0 0 0 0 0 0 0   	0 0 0 0 0 0 0   	
0 0 0 0 0 0 0   	0 0 0 0 0 0 0   	0 0 0 0 0 0 0   	0 0 0 0 0 0 0   	
0 0 0 0 0 0 0   	0 0 0 0 0 0 0   	0 0 0 0 0 0 0   	0 0 0 0 0 0 0   	


0 0 0 0 0 0 0   	0 1 0 0 0 0 0   	0 0 0 0 0 0 0   	0 0 0 0 0 0 0   	
0 0 0 0 0 0 0   	0 0 0 0 0 0 0   	0 0 0 0 0 0 0   	0 0 0 0 0 0 0   	
0 0 0 0 0 0 0   	0 0 0 0 0 0 0   	0 0 0 0 0 0 0   	0 0 0 0 0 0 0   	
0 0 0 0 0 0 0   	0 0 0 0 0 0 0   	0 0 0 0 0 0 0   	0 0 0 0 0 0 0   	


0 0 0 0 0 0 0   	0 0 0 0 0 0 0   	0 0 0 0 0 0 0   	0 0 0 0 0 0 0   	
0 0 0 0 0 0 0   	0 0 0 0 0 0 0   	0 0 0 0 0 0 0   	0 0 0 0 0 0 0   	
0 0 0 0 0 0 0   	0 0 0 0 0 0 0   	0 0 0 0 0 0 0   	0 0 0 0 0 0 0   	
0 0 0 0 0 0 0   	0 0 0 0 0 0 0   	0 0 0 0 0 0 0   	0 0 0 0 0 0 0   	


#PL for worker 1 is: 1
#PL for worker 2 is: 1
#PL for worker 5 is: 1
#PL for worker 6 is: 1
#PL for worker 9 is: 1
#PL for worker 10 is: 1
#PL for worker 13 is: 1
#PL for worker 14 is: 1
#PL for worker 16 is: 1
#PL for worker 18 is: 2
#PL for worker 20 is: 1
#PL for worker 24 is: 1
#PL for worker 25 is: 1
#PL for worker 27 is: 1
#PL for worker 29 is: 1
#PL for worker 30 is: 1
#PL for worker 31 is: 1
#PL for worker 32 is: 1
#PL for worker 33 is: 1
#PL for worker 34 is: 1
#PL for worker 35 is: 2
#PL for worker 37 is: 1
lib_per_rot = 4 4 4 5 4 
ass_per_rot = 3 3 3 2 3 
Stand-ins Week 0
2 2 2 4 4 
Libs
1 0 1 2 4 
Ass
1 2 1 2 0 

Stand-ins Week 1
4 1 4 1 0 
Libs
3 1 3 1 0 
Ass
1 0 1 0 0 

Stand-ins Week 2
0 5 7 4 7 
Libs
0 2 4 2 5 
Ass
0 3 3 2 2 

Stand-ins Week 3
3 3 4 3 5 
Libs
2 0 2 2 3 
Ass
1 3 2 1 2 

Stand-ins Week 4
6 1 5 5 2 
Libs
5 1 2 1 1 
Ass
1 0 3 4 1 

Max(min stand-in) for this solution is: 0
Total number of stand-ins: 84
demand_tot_cost = 0
demand_lib_cost (too few or too many) = 0
demand_ass_cost = 0
demand_PL_cost = 1200
demand_HB_cost = 0
demand_evening_cost = 0
PL_amount_cost = 0
no_weekend_cost = 0

total_eval_cost = 1200
total_stand_in_cost = -1
*total_cost* = 1199
New solution found: 1200
Number of librarians assigned: block, PL, HB, BokB
3 3 2 2 2 3 3   	0 1 1 0 1 0 0   	0 0 0 0 0 1 1   	0 0 0 0 0 0 0   	
4 3 4 3 3 0 0   	0 0 0 0 0 0 0   	0 0 0 0 0 0 0   	0 0 0 0 0 0 0   	
4 3 3 3 5 0 0   	0 0 0 0 0 0 0   	0 0 0 0 0 0 0   	0 0 0 0 0 0 0   	
3 4 4 3 3 0 0   	0 0 0 0 0 0 0   	0 0 0 0 0 0 0   	0 0 0 0 0 0 0   	


3 3 3 2 3 3 3   	0 1 0 0 1 0 0   	0 0 0 0 0 1 1   	0 0 0 0 0 0 0   	
4 3 6 3 3 0 0   	0 0 0 0 0 0 0   	0 0 0 0 0 0 0   	0 0 0 0 0 0 0   	
4 4 3 5 5 0 0   	0 0 0 0 0 0 0   	0 0 0 0 0 0 0   	0 0 0 0 0 0 0   	
3 4 4 3 3 0 0   	0 0 0 0 0 0 0   	0 0 0 0 0 0 0   	0 0 0 0 0 0 0   	


3 2 3 2 3 3 3   	1 1 0 1 0 0 0   	0 0 0 0 0 1 1   	0 0 0 0 0 0 0   	
3 3 3 3 5 0 0   	0 0 0 0 0 0 0   	0 0 0 0 0 0 0   	0 0 0 0 0 0 0   	
3 4 3 6 3 0 0   	0 0 0 0 0 0 0   	0 0 0 0 0 0 0   	0 0 0 0 0 0 0   	
3 4 5 4 3 0 0   	0 0 0 0 0 0 0   	0 0 0 0 0 0 0   	0 0 0 0 0 0 0   	


4 2 3 2 4 4 4   	1 0 1 1 0 0 0   	0 0 0 0 0 1 1   	0 0 0 0 0 0 0   	
3 4 3 4 3 0 0   	0 0 0 0 0 0 0   	0 0 0 0 0 0 0   	0 0 0 0 0 0 0   	
3 3 5 4 4 0 0   	0 0 0 0 0 0 0   	0 0 0 0 0 0 0   	0 0 0 0 0 0 0   	
3 4 4 4 4 0 0   	0 0 0 0 0 0 0   	0 0 0 0 0 0 0   	0 0 0 0 0 0 0   	


3 3 2 2 2 3 3   	1 0 0 1 0 0 0   	0 0 0 0 0 1 1   	0 0 0 0 0 0 0   	
3 4 5 3 4 0 0   	0 0 0 0 0 0 0   	0 0 0 0 0 0 0   	0 0 0 0 0 0 0   	
3 4 3 5 4 0 0   	0 0 0 0 0 0 0   	0 0 0 0 0 0 0   	0 0 0 0 0 0 0   	
3 4 4 3 3 0 0   	0 0 0 0 0 0 0   	0 0 0 0 0 0 0   	0 0 0 0 0 0 0   	


Number of assistants assigned: block, PL, HB, BokB
1 1 2 2 2 3 3   	1 0 0 1 0 0 0   	0 0 0 0 0 0 0   	0 0 0 0 0 0 0   	
2 3 2 3 3 0 0   	0 0 0 0 0 0 0   	0 0 0 0 0 0 0   	0 0 0 0 0 0 0   	
2 3 3 3 1 0 0   	0 0 0 0 0 0 0   	0 0 0 0 0 0 0   	0 0 0 0 0 0 0   	
3 2 2 3 3 0 0   	0 0 0 0 0 0 0   	0 0 0 0 0 0 0   	0 0 0 0 0 0 0   	


1 1 1 2 1 3 3   	1 0 1 1 0 0 0   	0 0 0 0 0 0 0   	0 0 0 0 0 0 0   	
2 3 0 3 3 0 0   	0 0 0 0 0 0 0   	0 0 0 0 0 0 0   	0 0 0 0 0 0 0   	
2 2 3 1 1 0 0   	0 0 0 0 0 0 0   	0 0 0 0 0 0 0   	0 0 0 0 0 0 0   	
3 2 2 3 3 0 0   	0 0 0 0 0 0 0   	0 0 0 0 0 0 0   	0 0 0 0 0 0 0   	


1 2 1 2 1 3 3   	0 0 1 0 1 0 0   	0 0 0 0 0 0 0   	0 0 0 0 0 0 0   	
3 3 3 3 1 0 0   	0 0 0 0 0 0 0   	0 0 0 0 0 0 0   	0 0 0 0 0 0 0   	
3 2 3 0 3 0 0   	0 0 0 0 0 0 0   	0 0 0 0 0 0 0   	0 0 0 0 0 0 0   	
3 2 1 2 3 0 0   	0 0 0 0 0 0 0   	0 0 0 0 0 0 0   	0 0 0 0 0 0 0   	


0 2 1 2 0 2 2   	0 1 0 0 1 0 0   	0 0 0 0 0 0 0   	0 0 0 0 0 0 0   	
3 2 2 2 3 0 0   	0 0 0 0 0 0 0   	0 0 0 0 0 0 0   	0 0 0 0 0 0 0   	
3 3 1 2 2 0 0   	0 0 0 0 0 0 0   	0 0 0 0 0 0 0   	0 0 0 0 0 0 0   	
3 2 2 2 2 0 0   	0 0 0 0 0 0 0   	0 0 0 0 0 0 0   	0 0 0 0 0 0 0   	


1 1 2 2 2 3 3   	0 1 1 0 1 0 0   	0 0 0 0 0 0 0   	0 0 0 0 0 0 0   	
3 2 1 3 2 0 0   	0 0 0 0 0 0 0   	0 0 0 0 0 0 0   	0 0 0 0 0 0 0   	
3 2 3 1 2 0 0   	0 0 0 0 0 0 0   	0 0 0 0 0 0 0   	0 0 0 0 0 0 0   	
3 2 2 3 3 0 0   	0 0 0 0 0 0 0   	0 0 0 0 0 0 0   	0 0 0 0 0 0 0   	



*** Demand difference *** in the library for: block, PL, HB, BokB
Negative values means overstaffing, positive means lack of workers
0 0 0 0 0 0 0   	0 0 0 0 0 0 0   	0 0 0 0 0 0 0   	0 0 0 0 0 0 0   	
0 0 0 0 0 0 0   	0 0 0 0 0 0 0   	0 0 0 0 0 0 0   	0 0 0 0 0 0 0   	
0 0 0 0 0 0 0   	0 0 0 0 0 0 0   	0 0 0 0 0 0 0   	0 0 0 0 0 0 0   	
0 0 0 0 0 0 0   	0 0 0 0 0 0 0   	0 0 0 0 0 0 0   	0 0 0 0 0 0 0   	


0 0 0 0 0 0 0   	0 0 0 0 0 0 0   	0 0 0 0 0 0 0   	0 0 0 0 0 0 0   	
0 0 0 0 0 0 0   	0 0 0 0 0 0 0   	0 0 0 0 0 0 0   	0 0 0 0 0 0 0   	
0 0 0 0 0 0 0   	0 0 0 0 0 0 0   	0 0 0 0 0 0 0   	0 0 0 0 0 0 0   	
0 0 0 0 0 0 0   	0 0 0 0 0 0 0   	0 0 0 0 0 0 0   	0 0 0 0 0 0 0   	


0 0 0 0 0 0 0   	0 0 0 0 0 0 0   	0 0 0 0 0 0 0   	0 0 0 0 0 0 0   	
0 0 0 0 0 0 0   	0 0 0 0 0 0 0   	0 0 0 0 0 0 0   	0 0 0 0 0 0 0   	
0 0 0 0 0 0 0   	0 0 0 0 0 0 0   	0 0 0 0 0 0 0   	0 0 0 0 0 0 0   	
0 0 0 0 0 0 0   	0 0 0 0 0 0 0   	0 0 0 0 0 0 0   	0 0 0 0 0 0 0   	


0 0 0 0 0 0 0   	0 0 0 0 0 0 0   	0 0 0 0 0 0 0   	0 0 0 0 0 0 0   	
0 0 1 0 0 0 0   	0 0 0 0 0 0 0   	0 0 0 0 0 0 0   	0 0 0 0 0 0 0   	
0 0 0 0 0 0 0   	0 0 0 0 0 0 0   	0 0 0 0 0 0 0   	0 0 0 0 0 0 0   	
0 0 0 0 0 0 0   	0 0 0 0 0 0 0   	0 0 0 0 0 0 0   	0 0 0 0 0 0 0   	


0 0 0 0 0 0 0   	0 0 0 0 0 0 0   	0 0 0 0 0 0 0   	0 0 0 0 0 0 0   	
0 0 0 0 0 0 0   	0 0 0 0 0 0 0   	0 0 0 0 0 0 0   	0 0 0 0 0 0 0   	
0 0 0 0 0 0 0   	0 0 0 0 0 0 0   	0 0 0 0 0 0 0   	0 0 0 0 0 0 0   	
0 0 0 0 0 0 0   	0 0 0 0 0 0 0   	0 0 0 0 0 0 0   	0 0 0 0 0 0 0   	


#PL for worker 1 is: 1
#PL for worker 2 is: 1
#PL for worker 5 is: 1
#PL for worker 6 is: 1
#PL for worker 9 is: 1
#PL for worker 10 is: 1
#PL for worker 13 is: 1
#PL for worker 14 is: 1
#PL for worker 16 is: 1
#PL for worker 18 is: 2
#PL for worker 19 is: 1
#PL for worker 20 is: 1
#PL for worker 24 is: 1
#PL for worker 25 is: 1
#PL for worker 27 is: 1
#PL for worker 29 is: 1
#PL for worker 30 is: 1
#PL for worker 31 is: 1
#PL for worker 32 is: 1
#PL for worker 33 is: 1
#PL for worker 34 is: 1
#PL for worker 35 is: 2
#PL for worker 37 is: 1
lib_per_rot = 4 4 4 5 4 
ass_per_rot = 3 3 3 2 3 
Stand-ins Week 0
2 2 2 4 4 
Libs
1 0 1 2 4 
Ass
1 2 1 2 0 

Stand-ins Week 1
4 1 4 1 0 
Libs
3 1 3 1 0 
Ass
1 0 1 0 0 

Stand-ins Week 2
0 4 8 4 7 
Libs
0 2 4 2 5 
Ass
0 2 4 2 2 

Stand-ins Week 3
3 3 4 3 5 
Libs
2 0 2 2 3 
Ass
1 3 2 1 2 

Stand-ins Week 4
6 1 5 5 2 
Libs
5 1 2 1 1 
Ass
1 0 3 4 1 

Max(min stand-in) for this solution is: 0
Total number of stand-ins: 84
demand_tot_cost = 800
demand_lib_cost (too few or too many) = 0
demand_ass_cost = 0
demand_PL_cost = 0
demand_HB_cost = 0
demand_evening_cost = 0
PL_amount_cost = 0
no_weekend_cost = 0

total_eval_cost = 800
total_stand_in_cost = -1
*total_cost* = 799
New solution found: 800
Number of librarians assigned: block, PL, HB, BokB
3 3 2 2 2 3 3   	0 1 1 0 1 0 0   	0 0 0 0 0 1 1   	0 0 0 0 0 0 0   	
4 3 4 3 3 0 0   	0 0 0 0 0 0 0   	0 0 0 0 0 0 0   	0 0 0 0 0 0 0   	
4 3 3 3 5 0 0   	0 0 0 0 0 0 0   	0 0 0 0 0 0 0   	0 0 0 0 0 0 0   	
3 4 4 3 3 0 0   	0 0 0 0 0 0 0   	0 0 0 0 0 0 0   	0 0 0 0 0 0 0   	


3 3 3 2 3 3 3   	0 1 0 0 1 0 0   	0 0 0 0 0 1 1   	0 0 0 0 0 0 0   	
4 3 6 3 3 0 0   	0 0 0 0 0 0 0   	0 0 0 0 0 0 0   	0 0 0 0 0 0 0   	
4 4 3 5 5 0 0   	0 0 0 0 0 0 0   	0 0 0 0 0 0 0   	0 0 0 0 0 0 0   	
3 4 4 3 3 0 0   	0 0 0 0 0 0 0   	0 0 0 0 0 0 0   	0 0 0 0 0 0 0   	


3 2 3 2 3 3 3   	1 1 0 1 0 0 0   	0 0 0 0 0 1 1   	0 0 0 0 0 0 0   	
3 3 3 3 5 0 0   	0 0 0 0 0 0 0   	0 0 0 0 0 0 0   	0 0 0 0 0 0 0   	
3 4 3 6 3 0 0   	0 0 0 0 0 0 0   	0 0 0 0 0 0 0   	0 0 0 0 0 0 0   	
3 4 5 4 3 0 0   	0 0 0 0 0 0 0   	0 0 0 0 0 0 0   	0 0 0 0 0 0 0   	


4 2 3 2 4 4 4   	1 0 1 1 0 0 0   	0 0 0 0 0 1 1   	0 0 0 0 0 0 0   	
3 4 3 4 4 0 0   	0 0 0 0 0 0 0   	0 0 0 0 0 0 0   	0 0 0 0 0 0 0   	
3 3 5 4 4 0 0   	0 0 0 0 0 0 0   	0 0 0 0 0 0 0   	0 0 0 0 0 0 0   	
3 4 4 4 4 0 0   	0 0 0 0 0 0 0   	0 0 0 0 0 0 0   	0 0 0 0 0 0 0   	


3 3 2 2 2 3 3   	1 0 0 1 0 0 0   	0 0 0 0 0 1 1   	0 0 0 0 0 0 0   	
3 4 5 3 4 0 0   	0 0 0 0 0 0 0   	0 0 0 0 0 0 0   	0 0 0 0 0 0 0   	
3 4 3 5 4 0 0   	0 0 0 0 0 0 0   	0 0 0 0 0 0 0   	0 0 0 0 0 0 0   	
3 4 4 3 3 0 0   	0 0 0 0 0 0 0   	0 0 0 0 0 0 0   	0 0 0 0 0 0 0   	


Number of assistants assigned: block, PL, HB, BokB
1 1 2 2 2 3 3   	1 0 0 1 0 0 0   	0 0 0 0 0 0 0   	0 0 0 0 0 0 0   	
2 3 2 3 3 0 0   	0 0 0 0 0 0 0   	0 0 0 0 0 0 0   	0 0 0 0 0 0 0   	
2 3 3 3 1 0 0   	0 0 0 0 0 0 0   	0 0 0 0 0 0 0   	0 0 0 0 0 0 0   	
3 2 2 3 3 0 0   	0 0 0 0 0 0 0   	0 0 0 0 0 0 0   	0 0 0 0 0 0 0   	


1 1 1 2 1 3 3   	1 0 1 1 0 0 0   	0 0 0 0 0 0 0   	0 0 0 0 0 0 0   	
2 3 0 3 3 0 0   	0 0 0 0 0 0 0   	0 0 0 0 0 0 0   	0 0 0 0 0 0 0   	
2 2 3 1 1 0 0   	0 0 0 0 0 0 0   	0 0 0 0 0 0 0   	0 0 0 0 0 0 0   	
3 2 2 3 3 0 0   	0 0 0 0 0 0 0   	0 0 0 0 0 0 0   	0 0 0 0 0 0 0   	


1 2 1 2 1 3 3   	0 0 1 0 1 0 0   	0 0 0 0 0 0 0   	0 0 0 0 0 0 0   	
3 3 3 3 1 0 0   	0 0 0 0 0 0 0   	0 0 0 0 0 0 0   	0 0 0 0 0 0 0   	
3 2 3 0 3 0 0   	0 0 0 0 0 0 0   	0 0 0 0 0 0 0   	0 0 0 0 0 0 0   	
3 2 1 2 3 0 0   	0 0 0 0 0 0 0   	0 0 0 0 0 0 0   	0 0 0 0 0 0 0   	


0 2 1 2 0 2 2   	0 1 0 0 1 0 0   	0 0 0 0 0 0 0   	0 0 0 0 0 0 0   	
3 2 3 2 2 0 0   	0 0 0 0 0 0 0   	0 0 0 0 0 0 0   	0 0 0 0 0 0 0   	
3 3 1 2 2 0 0   	0 0 0 0 0 0 0   	0 0 0 0 0 0 0   	0 0 0 0 0 0 0   	
3 2 2 2 2 0 0   	0 0 0 0 0 0 0   	0 0 0 0 0 0 0   	0 0 0 0 0 0 0   	


1 1 2 2 2 3 3   	0 1 1 0 1 0 0   	0 0 0 0 0 0 0   	0 0 0 0 0 0 0   	
3 2 1 3 2 0 0   	0 0 0 0 0 0 0   	0 0 0 0 0 0 0   	0 0 0 0 0 0 0   	
3 2 3 1 2 0 0   	0 0 0 0 0 0 0   	0 0 0 0 0 0 0   	0 0 0 0 0 0 0   	
3 2 2 3 3 0 0   	0 0 0 0 0 0 0   	0 0 0 0 0 0 0   	0 0 0 0 0 0 0   	



*** Demand difference *** in the library for: block, PL, HB, BokB
Negative values means overstaffing, positive means lack of workers
0 0 0 0 0 0 0   	0 0 0 0 0 0 0   	0 0 0 0 0 0 0   	0 0 0 0 0 0 0   	
0 0 0 0 0 0 0   	0 0 0 0 0 0 0   	0 0 0 0 0 0 0   	0 0 0 0 0 0 0   	
0 0 0 0 0 0 0   	0 0 0 0 0 0 0   	0 0 0 0 0 0 0   	0 0 0 0 0 0 0   	
0 0 0 0 0 0 0   	0 0 0 0 0 0 0   	0 0 0 0 0 0 0   	0 0 0 0 0 0 0   	


0 0 0 0 0 0 0   	0 0 0 0 0 0 0   	0 0 0 0 0 0 0   	0 0 0 0 0 0 0   	
0 0 0 0 0 0 0   	0 0 0 0 0 0 0   	0 0 0 0 0 0 0   	0 0 0 0 0 0 0   	
0 0 0 0 0 0 0   	0 0 0 0 0 0 0   	0 0 0 0 0 0 0   	0 0 0 0 0 0 0   	
0 0 0 0 0 0 0   	0 0 0 0 0 0 0   	0 0 0 0 0 0 0   	0 0 0 0 0 0 0   	


0 0 0 0 0 0 0   	0 0 0 0 0 0 0   	0 0 0 0 0 0 0   	0 0 0 0 0 0 0   	
0 0 0 0 0 0 0   	0 0 0 0 0 0 0   	0 0 0 0 0 0 0   	0 0 0 0 0 0 0   	
0 0 0 0 0 0 0   	0 0 0 0 0 0 0   	0 0 0 0 0 0 0   	0 0 0 0 0 0 0   	
0 0 0 0 0 0 0   	0 0 0 0 0 0 0   	0 0 0 0 0 0 0   	0 0 0 0 0 0 0   	


0 0 0 0 0 0 0   	0 0 0 0 0 0 0   	0 0 0 0 0 0 0   	0 0 0 0 0 0 0   	
0 0 0 0 0 0 0   	0 0 0 0 0 0 0   	0 0 0 0 0 0 0   	0 0 0 0 0 0 0   	
0 0 0 0 0 0 0   	0 0 0 0 0 0 0   	0 0 0 0 0 0 0   	0 0 0 0 0 0 0   	
0 0 0 0 0 0 0   	0 0 0 0 0 0 0   	0 0 0 0 0 0 0   	0 0 0 0 0 0 0   	


0 0 0 0 0 0 0   	0 0 0 0 0 0 0   	0 0 0 0 0 0 0   	0 0 0 0 0 0 0   	
0 0 0 0 0 0 0   	0 0 0 0 0 0 0   	0 0 0 0 0 0 0   	0 0 0 0 0 0 0   	
0 0 0 0 0 0 0   	0 0 0 0 0 0 0   	0 0 0 0 0 0 0   	0 0 0 0 0 0 0   	
0 0 0 0 0 0 0   	0 0 0 0 0 0 0   	0 0 0 0 0 0 0   	0 0 0 0 0 0 0   	


#PL for worker 1 is: 1
#PL for worker 2 is: 1
#PL for worker 5 is: 1
#PL for worker 6 is: 1
#PL for worker 9 is: 1
#PL for worker 10 is: 1
#PL for worker 13 is: 1
#PL for worker 14 is: 1
#PL for worker 16 is: 1
#PL for worker 18 is: 2
#PL for worker 19 is: 1
#PL for worker 20 is: 1
#PL for worker 24 is: 1
#PL for worker 25 is: 1
#PL for worker 27 is: 1
#PL for worker 29 is: 1
#PL for worker 30 is: 1
#PL for worker 31 is: 1
#PL for worker 32 is: 1
#PL for worker 33 is: 1
#PL for worker 34 is: 1
#PL for worker 35 is: 2
#PL for worker 37 is: 1
lib_per_rot = 4 4 4 5 4 
ass_per_rot = 3 3 3 2 3 
Stand-ins Week 0
2 2 2 4 4 
Libs
1 0 1 2 4 
Ass
1 2 1 2 0 

Stand-ins Week 1
4 1 4 1 0 
Libs
3 1 3 1 0 
Ass
1 0 1 0 0 

Stand-ins Week 2
0 4 7 4 7 
Libs
0 2 4 2 4 
Ass
0 2 3 2 3 

Stand-ins Week 3
3 3 4 3 5 
Libs
2 0 2 2 3 
Ass
1 3 2 1 2 

Stand-ins Week 4
6 1 5 5 2 
Libs
5 1 2 1 1 
Ass
1 0 3 4 1 

Max(min stand-in) for this solution is: 0
Total number of stand-ins: 83
demand_tot_cost = 0
demand_lib_cost (too few or too many) = 0
demand_ass_cost = 0
demand_PL_cost = 0
demand_HB_cost = 0
demand_evening_cost = 0
PL_amount_cost = 0
no_weekend_cost = 0

total_eval_cost = 0
total_stand_in_cost = -1
*total_cost* = -1
New solution found: 0



***Best iteration number: 8***
Number of librarians assigned: block, PL, HB, BokB
3 3 2 2 2 3 3   	0 1 1 0 1 0 0   	0 0 0 0 0 1 1   	0 0 0 0 0 0 0   	
4 3 4 3 3 0 0   	0 0 0 0 0 0 0   	0 0 0 0 0 0 0   	0 0 0 0 0 0 0   	
4 3 3 3 5 0 0   	0 0 0 0 0 0 0   	0 0 0 0 0 0 0   	0 0 0 0 0 0 0   	
3 4 4 3 3 0 0   	0 0 0 0 0 0 0   	0 0 0 0 0 0 0   	0 0 0 0 0 0 0   	


3 3 3 2 3 3 3   	0 1 0 0 1 0 0   	0 0 0 0 0 1 1   	0 0 0 0 0 0 0   	
4 3 6 3 3 0 0   	0 0 0 0 0 0 0   	0 0 0 0 0 0 0   	0 0 0 0 0 0 0   	
4 4 3 5 5 0 0   	0 0 0 0 0 0 0   	0 0 0 0 0 0 0   	0 0 0 0 0 0 0   	
3 4 4 3 3 0 0   	0 0 0 0 0 0 0   	0 0 0 0 0 0 0   	0 0 0 0 0 0 0   	


3 2 3 2 3 3 3   	1 1 0 1 0 0 0   	0 0 0 0 0 1 1   	0 0 0 0 0 0 0   	
3 3 3 3 5 0 0   	0 0 0 0 0 0 0   	0 0 0 0 0 0 0   	0 0 0 0 0 0 0   	
3 4 3 6 3 0 0   	0 0 0 0 0 0 0   	0 0 0 0 0 0 0   	0 0 0 0 0 0 0   	
3 4 5 4 3 0 0   	0 0 0 0 0 0 0   	0 0 0 0 0 0 0   	0 0 0 0 0 0 0   	


4 2 3 2 4 4 4   	1 0 1 1 0 0 0   	0 0 0 0 0 1 1   	0 0 0 0 0 0 0   	
3 4 3 4 4 0 0   	0 0 0 0 0 0 0   	0 0 0 0 0 0 0   	0 0 0 0 0 0 0   	
3 3 5 4 4 0 0   	0 0 0 0 0 0 0   	0 0 0 0 0 0 0   	0 0 0 0 0 0 0   	
3 4 4 4 4 0 0   	0 0 0 0 0 0 0   	0 0 0 0 0 0 0   	0 0 0 0 0 0 0   	


3 3 2 2 2 3 3   	1 0 0 1 0 0 0   	0 0 0 0 0 1 1   	0 0 0 0 0 0 0   	
3 4 5 3 4 0 0   	0 0 0 0 0 0 0   	0 0 0 0 0 0 0   	0 0 0 0 0 0 0   	
3 4 3 5 4 0 0   	0 0 0 0 0 0 0   	0 0 0 0 0 0 0   	0 0 0 0 0 0 0   	
3 4 4 3 3 0 0   	0 0 0 0 0 0 0   	0 0 0 0 0 0 0   	0 0 0 0 0 0 0   	


Number of assistants assigned: block, PL, HB, BokB
1 1 2 2 2 3 3   	1 0 0 1 0 0 0   	0 0 0 0 0 0 0   	0 0 0 0 0 0 0   	
2 3 2 3 3 0 0   	0 0 0 0 0 0 0   	0 0 0 0 0 0 0   	0 0 0 0 0 0 0   	
2 3 3 3 1 0 0   	0 0 0 0 0 0 0   	0 0 0 0 0 0 0   	0 0 0 0 0 0 0   	
3 2 2 3 3 0 0   	0 0 0 0 0 0 0   	0 0 0 0 0 0 0   	0 0 0 0 0 0 0   	


1 1 1 2 1 3 3   	1 0 1 1 0 0 0   	0 0 0 0 0 0 0   	0 0 0 0 0 0 0   	
2 3 0 3 3 0 0   	0 0 0 0 0 0 0   	0 0 0 0 0 0 0   	0 0 0 0 0 0 0   	
2 2 3 1 1 0 0   	0 0 0 0 0 0 0   	0 0 0 0 0 0 0   	0 0 0 0 0 0 0   	
3 2 2 3 3 0 0   	0 0 0 0 0 0 0   	0 0 0 0 0 0 0   	0 0 0 0 0 0 0   	


1 2 1 2 1 3 3   	0 0 1 0 1 0 0   	0 0 0 0 0 0 0   	0 0 0 0 0 0 0   	
3 3 3 3 1 0 0   	0 0 0 0 0 0 0   	0 0 0 0 0 0 0   	0 0 0 0 0 0 0   	
3 2 3 0 3 0 0   	0 0 0 0 0 0 0   	0 0 0 0 0 0 0   	0 0 0 0 0 0 0   	
3 2 1 2 3 0 0   	0 0 0 0 0 0 0   	0 0 0 0 0 0 0   	0 0 0 0 0 0 0   	


0 2 1 2 0 2 2   	0 1 0 0 1 0 0   	0 0 0 0 0 0 0   	0 0 0 0 0 0 0   	
3 2 3 2 2 0 0   	0 0 0 0 0 0 0   	0 0 0 0 0 0 0   	0 0 0 0 0 0 0   	
3 3 1 2 2 0 0   	0 0 0 0 0 0 0   	0 0 0 0 0 0 0   	0 0 0 0 0 0 0   	
3 2 2 2 2 0 0   	0 0 0 0 0 0 0   	0 0 0 0 0 0 0   	0 0 0 0 0 0 0   	


1 1 2 2 2 3 3   	0 1 1 0 1 0 0   	0 0 0 0 0 0 0   	0 0 0 0 0 0 0   	
3 2 1 3 2 0 0   	0 0 0 0 0 0 0   	0 0 0 0 0 0 0   	0 0 0 0 0 0 0   	
3 2 3 1 2 0 0   	0 0 0 0 0 0 0   	0 0 0 0 0 0 0   	0 0 0 0 0 0 0   	
3 2 2 3 3 0 0   	0 0 0 0 0 0 0   	0 0 0 0 0 0 0   	0 0 0 0 0 0 0   	



*** Demand difference *** in the library for: block, PL, HB, BokB
Negative values means overstaffing, positive means lack of workers
0 0 0 0 0 0 0   	0 0 0 0 0 0 0   	0 0 0 0 0 0 0   	0 0 0 0 0 0 0   	
0 0 0 0 0 0 0   	0 0 0 0 0 0 0   	0 0 0 0 0 0 0   	0 0 0 0 0 0 0   	
0 0 0 0 0 0 0   	0 0 0 0 0 0 0   	0 0 0 0 0 0 0   	0 0 0 0 0 0 0   	
0 0 0 0 0 0 0   	0 0 0 0 0 0 0   	0 0 0 0 0 0 0   	0 0 0 0 0 0 0   	


0 0 0 0 0 0 0   	0 0 0 0 0 0 0   	0 0 0 0 0 0 0   	0 0 0 0 0 0 0   	
0 0 0 0 0 0 0   	0 0 0 0 0 0 0   	0 0 0 0 0 0 0   	0 0 0 0 0 0 0   	
0 0 0 0 0 0 0   	0 0 0 0 0 0 0   	0 0 0 0 0 0 0   	0 0 0 0 0 0 0   	
0 0 0 0 0 0 0   	0 0 0 0 0 0 0   	0 0 0 0 0 0 0   	0 0 0 0 0 0 0   	


0 0 0 0 0 0 0   	0 0 0 0 0 0 0   	0 0 0 0 0 0 0   	0 0 0 0 0 0 0   	
0 0 0 0 0 0 0   	0 0 0 0 0 0 0   	0 0 0 0 0 0 0   	0 0 0 0 0 0 0   	
0 0 0 0 0 0 0   	0 0 0 0 0 0 0   	0 0 0 0 0 0 0   	0 0 0 0 0 0 0   	
0 0 0 0 0 0 0   	0 0 0 0 0 0 0   	0 0 0 0 0 0 0   	0 0 0 0 0 0 0   	


0 0 0 0 0 0 0   	0 0 0 0 0 0 0   	0 0 0 0 0 0 0   	0 0 0 0 0 0 0   	
0 0 0 0 0 0 0   	0 0 0 0 0 0 0   	0 0 0 0 0 0 0   	0 0 0 0 0 0 0   	
0 0 0 0 0 0 0   	0 0 0 0 0 0 0   	0 0 0 0 0 0 0   	0 0 0 0 0 0 0   	
0 0 0 0 0 0 0   	0 0 0 0 0 0 0   	0 0 0 0 0 0 0   	0 0 0 0 0 0 0   	


0 0 0 0 0 0 0   	0 0 0 0 0 0 0   	0 0 0 0 0 0 0   	0 0 0 0 0 0 0   	
0 0 0 0 0 0 0   	0 0 0 0 0 0 0   	0 0 0 0 0 0 0   	0 0 0 0 0 0 0   	
0 0 0 0 0 0 0   	0 0 0 0 0 0 0   	0 0 0 0 0 0 0   	0 0 0 0 0 0 0   	
0 0 0 0 0 0 0   	0 0 0 0 0 0 0   	0 0 0 0 0 0 0   	0 0 0 0 0 0 0   	


#PL for worker 1 is: 1
#PL for worker 2 is: 1
#PL for worker 5 is: 1
#PL for worker 6 is: 1
#PL for worker 9 is: 1
#PL for worker 10 is: 1
#PL for worker 13 is: 1
#PL for worker 14 is: 1
#PL for worker 16 is: 1
#PL for worker 18 is: 2
#PL for worker 19 is: 1
#PL for worker 20 is: 1
#PL for worker 24 is: 1
#PL for worker 25 is: 1
#PL for worker 27 is: 1
#PL for worker 29 is: 1
#PL for worker 30 is: 1
#PL for worker 31 is: 1
#PL for worker 32 is: 1
#PL for worker 33 is: 1
#PL for worker 34 is: 1
#PL for worker 35 is: 2
#PL for worker 37 is: 1
lib_per_rot = 4 4 4 5 4 
ass_per_rot = 3 3 3 2 3 
Stand-ins Week 0
2 2 2 4 4 
Libs
1 0 1 2 4 
Ass
1 2 1 2 0 

Stand-ins Week 1
4 1 4 1 0 
Libs
3 1 3 1 0 
Ass
1 0 1 0 0 

Stand-ins Week 2
0 4 7 4 7 
Libs
0 2 4 2 4 
Ass
0 2 3 2 3 

Stand-ins Week 3
3 3 4 3 5 
Libs
2 0 2 2 3 
Ass
1 3 2 1 2 

Stand-ins Week 4
6 1 5 5 2 
Libs
5 1 2 1 1 
Ass
1 0 3 4 1 

Max(min stand-in) for this solution is: 0
Total number of stand-ins: 83
demand_tot_cost = 0
demand_lib_cost (too few or too many) = 0
demand_ass_cost = 0
demand_PL_cost = 0
demand_HB_cost = 0
demand_evening_cost = 0
PL_amount_cost = 0
no_weekend_cost = 0

total_eval_cost = 0
total_stand_in_cost = -1
*total_cost* = -1
Best solution so far is 0


Found 8 new solutions during iteration
Number of iterations during the run: 70
Best solution found was: 0
Found after 68.15 seconds
