110
112
113
112
112
111
111
112
106
107
106
106
105
107
109
107
108
109
109
108
109
109
107
109
109
109
108
111
105
105
106
106
105
103
104
102
102
102
104
105
106
104
107
103
101
98
99
97
489
447
407
370
354
341
324
304
296
296
277
237
200
192
192
192
192
192
192
172
173
173
173
152
152
116
97
98
98
97
97
99
99
100
100
91
88
86
86
87
86
88
91
89
91
92
93
88
88
85
85
86
86
90
88
87
88
89
90
89
88
83
85
84
84
83
83
84
82
84
85
84
85
84
84
83
81
82
83
82
82
83
83
81
82
82
84
84
84
84
84
84
87
87
87
86
86
83
82
82
82
84
87
87
85
85
84
85
81
78
79
79
86
84
82
82
81
82
83
81
81
80
80
81
83
82
83
84
85
84
84
85
86
86
88
88
86
86
86
89
88
90
92
94
92
90
89
86
86
85
87
87
86
88
86
91
93
91
94
95
94
94
92
91
91
92
91
92
94
93
92
92
91
90
89
89
88
88
86
89
90
89
88
90
93
93
92
98
98
95
94
93
93
92
95
95
94
92
92
91
92
93
92
94
93
94
92
90
89
85
85
89
90
88
89
91
93
95
94
93
92
90
96
100
96
95
94
92
92
94
94
91
90
93
93
91
89
88
87
90
93
94
94
95
94
96
96
98
98
98
100
100
101
102
102
102
101
101
102
102
101
98
97
101
102
101
100
100
100
98
98
97
94
96
97
97
95
90
91
92
92
87
86
86
86
86
89
85
86
87
86
87
88
88
88
87
87
86
86
85
87
88
91
92
93
92
95
93
92
90
89
92
94
94
93
94
95
93
91
515
466
446
426
370
351
322
280
275
267
267
247
229
211
197
194
161
161
157
159
140
140
140
140
127
128
128
109
110
110
98
103
106
107
108
108
108
112
113
106
106
108
109
108
108
106
107
107
107
108
109
110
108
106
102
100
101
102
103
103
104
102
102
104
105
105
105
105
105
105
103
102
103
102
95
96
93
93
93
93
92
92
96
96
99
99
99
99
100
103
104
102
105
102
101
101
100
98
98
98
99
95
95
95
95
93
93
92
92
91
93
94
96
95
94
93
91
93
92
90
91
91
91
92
90
90
89
89
90
90
91
92
93
95
98
97
98
99
99
98
99
99
100
98
99
99
99
101
100
99
96
98
101
94
94
90
87
86
88
86
87
87
90
91
93
95
92
92
93
92
89
88
89
90
91
90
92
94
96
93
92
92
90
90
91
91
91
88
89
89
88
88
89
89
93
94
95
95
91
93
93
90
88
89
92
90
89
88
88
87
91
92
91
89
89
86
88
86
90
92
98
98
98
98
98
97
100
97
98
98
100
98
99
102
101
102
102
101
103
101
100
100
99
98
97
96
97
97
97
96
95
93
91
92
91
92
91
87
89
89
89
88
90
90
89
89
86
86
88
87
85
87
90
87
88
88
88
89
88
87
88
88
88
89
88
88
87
85
87
87
88
87
88
90
90
90
88
88
90
91
92
93
92
93
94
94
92
91
91
91
93
95
91
89
90
90
85
86
86
87
86
86
87
86
86
86
86
85
85
82
81
81
83
79
79
79
80
82
83
82
83
84
81
84
86
85
85
85
85
85
83
83
83
86
88
88
86
88
90
92
92
90
91
91
91
92
92
92
92
92
91
90
90
90
90
90
91
91
88
90
90
89
88
87
87
85
86
89
91
91
90
90
91
91
90
90
93
92
96
95
94
96
96
96
97
95
96
96
97
95
95
94
92
92
91
90
91
90
89
91
90
91
92
91
89
90
90
90
91
89
89
88
88
87
88
89
89
90
92
94
93
94
94
95
95
96
98
100
101
106
105
105
107
106
107
102
104
101
103
102
103
100
101
102
99
98
98
99
97
94
93
93
92
90
93
95
93
93
92
95
97
97
98
98
96
95
91
89
