# Data file
# Master Thesis: Work Distribution of a Heterogeneous Library Staff - A Personnel Task Scheduling Problem
# Master Students: Claes Arvidson and Emelie Karlsson
# First version: 2016-02-09


### Sets ###
set D := 1 2 3 4 5 6 7; #Set of days in a week
set W := 1 2 3 4 5; #Set of weeks
set I := 1 2 3 4 5; #Set of staff
set S := 1 2 3 4; #Set of out shifts in a day
set J{S} := 1 2 3; #Set of total outer tasks at a shift S, Exp, Info + plocklista
set  J := 1..420; #Set of all outer tasks 3*4*7*5


### Parameters ###
param	skill	:=
	1		
	2		
	3		ID:
	4		
	5		8:00-10:00
	6		16:00-20:00
	7		
	8		Helg vecka:
	9		vecka 1
	10		13:00-16:00
	11		
	12		Avdelning:
	13		
	14		10:00-13:00
	15		
	16		ID:
	17		
	18		8:00-10:00
	19		16:00-20:00
	20		
	21		Helg vecka:
	22		vecka 1
param	avail	:=
	1 1 1 1 1
	1 1 1 2 1
	1 1 1 3 1
	1 1 1 4 0
	1 1 2 1 1
	1 1 2 2 1
	1 1 2 3 1
	1 1 2 4 1
	1 1 3 1 1
	1 1 3 2 1
	1 1 3 3 1
	1 1 3 4 0
	1 1 4 1 1
	1 1 4 2 1
	1 1 4 3 1
	1 1 4 4 0
	1 1 5 1 1
	1 1 5 2 1
	1 1 5 3 1
	1 1 5 4 0
	1 2 1 1 1
	1 2 1 2 1
	1 2 1 3 1
	1 2 1 4 0
	1 2 2 1 1
	1 2 2 2 1
	1 2 2 3 1
	1 2 2 4 1
	1 2 3 1 1
	1 2 3 2 1
	1 2 3 3 1
	1 2 3 4 0
	1 2 4 1 1
	1 2 4 2 1
	1 2 4 3 1
	1 2 4 4 0
	1 2 5 1 1
	1 2 5 2 1
	1 2 5 3 1
	1 2 5 4 0
	1 3 1 1 1
	1 3 1 2 1
	1 3 1 3 1
	1 3 1 4 0
	1 3 2 1 1
	1 3 2 2 1
	1 3 2 3 1
	1 3 2 4 1
	1 3 3 1 1
	1 3 3 2 1
	1 3 3 3 1
	1 3 3 4 0
	1 3 4 1 1
	1 3 4 2 1
	1 3 4 3 1
	1 3 4 4 0
	1 3 5 1 1
	1 3 5 2 1
	1 3 5 3 1
	1 3 5 4 0
	1 4 1 1 1
	1 4 1 2 1
	1 4 1 3 1
	1 4 1 4 0
	1 4 2 1 1
	1 4 2 2 1
	1 4 2 3 1
	1 4 2 4 1
	1 4 3 1 1
	1 4 3 2 1
	1 4 3 3 1
	1 4 3 4 0
	1 4 4 1 1
	1 4 4 2 1
	1 4 4 3 1
	1 4 4 4 0
	1 4 5 1 1
	1 4 5 2 1
	1 4 5 3 1
	1 4 5 4 0
	2 1 1 1 1
	2 1 1 2 1
	2 1 1 3 1
	2 1 1 4 0
	2 1 2 1 1
	2 1 2 2 1
	2 1 2 3 1
	2 1 2 4 1
	2 1 3 1 1
	2 1 3 2 1
	2 1 3 3 1
	2 1 3 4 0
	2 1 4 1 1
	2 1 4 2 1
	2 1 4 3 1
	2 1 4 4 0
	2 1 5 1 1
	2 1 5 2 1
	2 1 5 3 1
	2 1 5 4 0
	2 2 1 1 1
	2 2 1 2 1
	2 2 1 3 1
	2 2 1 4 0
	2 2 2 1 1
	2 2 2 2 1
	2 2 2 3 1
	2 2 2 4 1
	2 2 3 1 1
	2 2 3 2 1
	2 2 3 3 1
	2 2 3 4 0
	2 2 4 1 1
	2 2 4 2 1
	2 2 4 3 1
	2 2 4 4 0
	2 2 5 1 1
	2 2 5 2 1
	2 2 5 3 1
	2 2 5 4 0
	2 3 1 1 1
	2 3 1 2 1
	2 3 1 3 1
	2 3 1 4 0
	2 3 2 1 1
	2 3 2 2 1
	2 3 2 3 1
	2 3 2 4 1
	2 3 3 1 1
	2 3 3 2 1
	2 3 3 3 1
	2 3 3 4 0
	2 3 4 1 1
	2 3 4 2 1
	2 3 4 3 1
	2 3 4 4 0
	2 3 5 1 1
	2 3 5 2 1
	2 3 5 3 1
	2 3 5 4 0
	2 4 1 1 1
	2 4 1 2 1
	2 4 1 3 1
	2 4 1 4 0
	2 4 2 1 1
	2 4 2 2 1
	2 4 2 3 1
	2 4 2 4 1
	2 4 3 1 1
	2 4 3 2 1
	2 4 3 3 1
	2 4 3 4 0
	2 4 4 1 1
	2 4 4 2 1
	2 4 4 3 1
	2 4 4 4 0
	2 4 5 1 1
	2 4 5 2 1
	2 4 5 3 1
	2 4 5 4 0
	3 1 1 1 1
	3 1 1 2 1
	3 1 1 3 1
	3 1 1 4 0
	3 1 2 1 1
	3 1 2 2 1
	3 1 2 3 1
	3 1 2 4 0
	3 1 3 1 1
	3 1 3 2 1
	3 1 3 3 1
	3 1 3 4 1
	3 1 4 1 1
	3 1 4 2 1
	3 1 4 3 1
	3 1 4 4 0
	3 1 5 1 1
	3 1 5 2 1
	3 1 5 3 1
	3 1 5 4 0
	3 2 1 1 1
	3 2 1 2 1
	3 2 1 3 1
	3 2 1 4 0
	3 2 2 1 1
	3 2 2 2 1
	3 2 2 3 1
	3 2 2 4 0
	3 2 3 1 1
	3 2 3 2 1
	3 2 3 3 1
	3 2 3 4 1
	3 2 4 1 1
	3 2 4 2 1
	3 2 4 3 1
	3 2 4 4 0
	3 2 5 1 1
	3 2 5 2 1
	3 2 5 3 1
	3 2 5 4 0
	3 3 1 1 1
	3 3 1 2 1
	3 3 1 3 1
	3 3 1 4 0
	3 3 2 1 1
	3 3 2 2 1
	3 3 2 3 1
	3 3 2 4 0
	3 3 3 1 1
	3 3 3 2 1
	3 3 3 3 1
	3 3 3 4 1
	3 3 4 1 1
	3 3 4 2 1
	3 3 4 3 1
	3 3 4 4 0
	3 3 5 1 1
	3 3 5 2 1
	3 3 5 3 1
	3 3 5 4 0
	3 4 1 1 1
	3 4 1 2 1
	3 4 1 3 1
	3 4 1 4 0
	3 4 2 1 1
	3 4 2 2 1
	3 4 2 3 1
	3 4 2 4 0
	3 4 3 1 1
	3 4 3 2 1
	3 4 3 3 1
	3 4 3 4 1
	3 4 4 1 1
	3 4 4 2 1
	3 4 4 3 1
	3 4 4 4 0
	3 4 5 1 1
	3 4 5 2 1
	3 4 5 3 1
	3 4 5 4 0
	4 1 1 1 1
	4 1 1 2 1
	4 1 1 3 1
	4 1 1 4 1
	4 1 2 1 1
	4 1 2 2 1
	4 1 2 3 1
	4 1 2 4 0
	4 1 3 1 1
	4 1 3 2 1
	4 1 3 3 1
	4 1 3 4 0
	4 1 4 1 1
	4 1 4 2 1
	4 1 4 3 1
	4 1 4 4 0
	4 1 5 1 1
	4 1 5 2 1
	4 1 5 3 1
	4 1 5 4 0
	4 2 1 1 1
	4 2 1 2 1
	4 2 1 3 1
	4 2 1 4 1
	4 2 2 1 1
	4 2 2 2 1
	4 2 2 3 1
	4 2 2 4 0
	4 2 3 1 1
	4 2 3 2 1
	4 2 3 3 1
	4 2 3 4 0
	4 2 4 1 1
	4 2 4 2 1
	4 2 4 3 1
	4 2 4 4 0
	4 2 5 1 1
	4 2 5 2 1
	4 2 5 3 1
	4 2 5 4 0
	4 3 1 1 1
	4 3 1 2 1
	4 3 1 3 1
	4 3 1 4 1
	4 3 2 1 1
	4 3 2 2 1
	4 3 2 3 1
	4 3 2 4 0
	4 3 3 1 1
	4 3 3 2 1
	4 3 3 3 1
	4 3 3 4 0
	4 3 4 1 1
	4 3 4 2 1
	4 3 4 3 1
	4 3 4 4 0
	4 3 5 1 1
	4 3 5 2 1
	4 3 5 3 1
	4 3 5 4 0
	4 4 1 1 1
	4 4 1 2 1
	4 4 1 3 1
	4 4 1 4 1
	4 4 2 1 1
	4 4 2 2 1
	4 4 2 3 1
	4 4 2 4 0
	4 4 3 1 1
	4 4 3 2 1
	4 4 3 3 1
	4 4 3 4 0
	4 4 4 1 1
	4 4 4 2 1
	4 4 4 3 1
	4 4 4 4 0
	4 4 5 1 0
	4 4 5 2 0
	4 4 5 3 0
	4 4 5 4 0
	5 1 1 1 1
	5 1 1 2 1
	5 1 1 3 1
	5 1 1 4 0
	5 1 2 1 1
	5 1 2 2 1
	5 1 2 3 1
	5 1 2 4 0
	5 1 3 1 1
	5 1 3 2 1
	5 1 3 3 1
	5 1 3 4 0
	5 1 4 1 1
	5 1 4 2 1
	5 1 4 3 1
	5 1 4 4 1
	5 1 5 1 1
	5 1 5 2 1
	5 1 5 3 1
	5 1 5 4 0
	5 2 1 1 1
	5 2 1 2 1
	5 2 1 3 1
	5 2 1 4 0
	5 2 2 1 1
	5 2 2 2 1
	5 2 2 3 1
	5 2 2 4 0
	5 2 3 1 1
	5 2 3 2 1
	5 2 3 3 1
	5 2 3 4 0
	5 2 4 1 1
	5 2 4 2 1
	5 2 4 3 1
	5 2 4 4 1
	5 2 5 1 1
	5 2 5 2 1
	5 2 5 3 1
	5 2 5 4 0
	5 3 1 1 1
	5 3 1 2 1
	5 3 1 3 1
	5 3 1 4 0
	5 3 2 1 1
	5 3 2 2 1
	5 3 2 3 1
	5 3 2 4 0
	5 3 3 1 1
	5 3 3 2 1
	5 3 3 3 1
	5 3 3 4 0
	5 3 4 1 1
	5 3 4 2 1
	5 3 4 3 1
	5 3 4 4 1
	5 3 5 1 1
	5 3 5 2 1
	5 3 5 3 1
	5 3 5 4 0
	5 4 1 1 1
	5 4 1 2 1
	5 4 1 3 1
	5 4 1 4 0
	5 4 2 1 1
	5 4 2 2 1
	5 4 2 3 1
	5 4 2 4 0
	5 4 3 1 1
	5 4 3 2 1
	5 4 3 3 1
	5 4 3 4 0
	5 4 4 1 1
	5 4 4 2 1
	5 4 4 3 1
	5 4 4 4 1
	5 4 5 1 1
	5 4 5 2 1
	5 4 5 3 1
	5 4 5 4 0
	6 1 1 1 1
	6 1 1 2 1
	6 1 1 3 1
	6 1 1 4 0
	6 1 2 1 1
	6 1 2 2 1
	6 1 2 3 1
	6 1 2 4 0
	6 1 3 1 1
	6 1 3 2 1
	6 1 3 3 1
	6 1 3 4 1
	6 1 4 1 1
	6 1 4 2 1
	6 1 4 3 1
	6 1 4 4 0
	6 1 5 1 1
	6 1 5 2 1
	6 1 5 3 1
	6 1 5 4 0
	6 2 1 1 1
	6 2 1 2 1
	6 2 1 3 1
	6 2 1 4 0
	6 2 2 1 1
	6 2 2 2 1
	6 2 2 3 1
	6 2 2 4 0
	6 2 3 1 1
	6 2 3 2 1
	6 2 3 3 1
	6 2 3 4 1
	6 2 4 1 1
	6 2 4 2 1
	6 2 4 3 1
	6 2 4 4 0
	6 2 5 1 1
	6 2 5 2 1
	6 2 5 3 1
	6 2 5 4 0
	6 3 1 1 1
	6 3 1 2 1
	6 3 1 3 1
	6 3 1 4 0
	6 3 2 1 1
	6 3 2 2 1
	6 3 2 3 1
	6 3 2 4 0
	6 3 3 1 1
	6 3 3 2 1
	6 3 3 3 1
	6 3 3 4 1
	6 3 4 1 1
	6 3 4 2 1
	6 3 4 3 1
	6 3 4 4 0
	6 3 5 1 1
	6 3 5 2 1
	6 3 5 3 1
	6 3 5 4 0
	6 4 1 1 1
	6 4 1 2 1
	6 4 1 3 1
	6 4 1 4 0
	6 4 2 1 1
	6 4 2 2 1
	6 4 2 3 1
	6 4 2 4 0
	6 4 3 1 1
	6 4 3 2 1
	6 4 3 3 1
	6 4 3 4 1
	6 4 4 1 1
	6 4 4 2 1
	6 4 4 3 1
	6 4 4 4 0
	6 4 5 1 1
	6 4 5 2 1
	6 4 5 3 1
	6 4 5 4 0
	7 1 1 1 1
	7 1 1 2 1
	7 1 1 3 1
	7 1 1 4 0
	7 1 2 1 1
	7 1 2 2 1
	7 1 2 3 1
	7 1 2 4 0
	7 1 3 1 1
	7 1 3 2 1
	7 1 3 3 1
	7 1 3 4 1
	7 1 4 1 1
	7 1 4 2 1
	7 1 4 3 1
	7 1 4 4 0
	7 1 5 1 1
	7 1 5 2 1
	7 1 5 3 1
	7 1 5 4 0
	7 2 1 1 1
	7 2 1 2 1
	7 2 1 3 1
	7 2 1 4 0
	7 2 2 1 1
	7 2 2 2 1
	7 2 2 3 1
	7 2 2 4 0
	7 2 3 1 1
	7 2 3 2 1
	7 2 3 3 1
	7 2 3 4 1
	7 2 4 1 1
	7 2 4 2 1
	7 2 4 3 1
	7 2 4 4 0
	7 2 5 1 1
	7 2 5 2 1
	7 2 5 3 1
	7 2 5 4 0
	7 3 1 1 1
	7 3 1 2 1
	7 3 1 3 1
	7 3 1 4 0
	7 3 2 1 1
	7 3 2 2 1
	7 3 2 3 1
	7 3 2 4 0
	7 3 3 1 1
	7 3 3 2 1
	7 3 3 3 1
	7 3 3 4 1
	7 3 4 1 1
	7 3 4 2 1
	7 3 4 3 1
	7 3 4 4 0
	7 3 5 1 1
	7 3 5 2 1
	7 3 5 3 1
	7 3 5 4 0
	7 4 1 1 1
	7 4 1 2 1
	7 4 1 3 1
	7 4 1 4 0
	7 4 2 1 1
	7 4 2 2 1
	7 4 2 3 1
	7 4 2 4 0
	7 4 3 1 1
	7 4 3 2 1
	7 4 3 3 1
	7 4 3 4 1
	7 4 4 1 1
	7 4 4 2 1
	7 4 4 3 1
	7 4 4 4 0
	7 4 5 1 1
	7 4 5 2 1
	7 4 5 3 1
	7 4 5 4 0
	8 1 1 1 1
	8 1 1 2 1
	8 1 1 3 1
	8 1 1 4 0
	8 1 2 1 1
	8 1 2 2 1
	8 1 2 3 1
	8 1 2 4 1
	8 1 3 1 1
	8 1 3 2 1
	8 1 3 3 1
	8 1 3 4 0
	8 1 4 1 1
	8 1 4 2 1
	8 1 4 3 1
	8 1 4 4 0
	8 1 5 1 1
	8 1 5 2 1
	8 1 5 3 1
	8 1 5 4 0
	8 2 1 1 1
	8 2 1 2 1
	8 2 1 3 1
	8 2 1 4 0
	8 2 2 1 1
	8 2 2 2 1
	8 2 2 3 1
	8 2 2 4 1
	8 2 3 1 1
	8 2 3 2 1
	8 2 3 3 1
	8 2 3 4 0
	8 2 4 1 1
	8 2 4 2 1
	8 2 4 3 1
	8 2 4 4 0
	8 2 5 1 1
	8 2 5 2 1
	8 2 5 3 1
	8 2 5 4 0
	8 3 1 1 1
	8 3 1 2 1
	8 3 1 3 1
	8 3 1 4 0
	8 3 2 1 1
	8 3 2 2 1
	8 3 2 3 1
	8 3 2 4 1
	8 3 3 1 1
	8 3 3 2 1
	8 3 3 3 1
	8 3 3 4 0
	8 3 4 1 1
	8 3 4 2 1
	8 3 4 3 1
	8 3 4 4 0
	8 3 5 1 1
	8 3 5 2 1
	8 3 5 3 1
	8 3 5 4 0
	8 4 1 1 1
	8 4 1 2 1
	8 4 1 3 1
	8 4 1 4 0
	8 4 2 1 1
	8 4 2 2 1
	8 4 2 3 1
	8 4 2 4 1
	8 4 3 1 1
	8 4 3 2 1
	8 4 3 3 1
	8 4 3 4 0
	8 4 4 1 1
	8 4 4 2 1
	8 4 4 3 1
	8 4 4 4 0
	8 4 5 1 1
	8 4 5 2 1
	8 4 5 3 1
	8 4 5 4 0
	9 1 1 1 1
	9 1 1 2 1
	9 1 1 3 1
	9 1 1 4 0
	9 1 2 1 1
	9 1 2 2 1
	9 1 2 3 1
	9 1 2 4 0
	9 1 3 1 1
	9 1 3 2 1
	9 1 3 3 1
	9 1 3 4 0
	9 1 4 1 1
	9 1 4 2 1
	9 1 4 3 1
	9 1 4 4 0
	9 1 5 1 1
	9 1 5 2 1
	9 1 5 3 1
	9 1 5 4 0
	9 2 1 1 1
	9 2 1 2 1
	9 2 1 3 1
	9 2 1 4 0
	9 2 2 1 1
	9 2 2 2 1
	9 2 2 3 1
	9 2 2 4 0
	9 2 3 1 1
	9 2 3 2 1
	9 2 3 3 1
	9 2 3 4 0
	9 2 4 1 1
	9 2 4 2 1
	9 2 4 3 1
	9 2 4 4 0
	9 2 5 1 1
	9 2 5 2 1
	9 2 5 3 1
	9 2 5 4 0
	9 3 1 1 1
	9 3 1 2 1
	9 3 1 3 1
	9 3 1 4 0
	9 3 2 1 1
	9 3 2 2 1
	9 3 2 3 1
	9 3 2 4 0
	9 3 3 1 1
	9 3 3 2 1
	9 3 3 3 1
	9 3 3 4 0
	9 3 4 1 1
	9 3 4 2 1
	9 3 4 3 1
	9 3 4 4 0
	9 3 5 1 1
	9 3 5 2 1
	9 3 5 3 1
	9 3 5 4 0
	9 4 1 1 1
	9 4 1 2 1
	9 4 1 3 1
	9 4 1 4 0
	9 4 2 1 1
	9 4 2 2 1
	9 4 2 3 1
	9 4 2 4 0
	9 4 3 1 1
	9 4 3 2 1
	9 4 3 3 1
	9 4 3 4 0
	9 4 4 1 1
	9 4 4 2 1
	9 4 4 3 1
	9 4 4 4 0
	9 4 5 1 1
	9 4 5 2 1
	9 4 5 3 1
	9 4 5 4 0
	10 1 1 1 1
	10 1 1 2 1
	10 1 1 3 1
	10 1 1 4 0
	10 1 2 1 1
	10 1 2 2 1
	10 1 2 3 1
	10 1 2 4 1
	10 1 3 1 1
	10 1 3 2 1
	10 1 3 3 1
	10 1 3 4 0
	10 1 4 1 1
	10 1 4 2 1
	10 1 4 3 1
	10 1 4 4 0
	10 1 5 1 1
	10 1 5 2 1
	10 1 5 3 1
	10 1 5 4 0
	10 2 1 1 1
	10 2 1 2 1
	10 2 1 3 1
	10 2 1 4 0
	10 2 2 1 1
	10 2 2 2 1
	10 2 2 3 1
	10 2 2 4 1
	10 2 3 1 1
	10 2 3 2 1
	10 2 3 3 1
	10 2 3 4 0
	10 2 4 1 1
	10 2 4 2 1
	10 2 4 3 1
	10 2 4 4 0
	10 2 5 1 1
	10 2 5 2 1
	10 2 5 3 1
	10 2 5 4 0
	10 3 1 1 1
	10 3 1 2 1
	10 3 1 3 1
	10 3 1 4 0
	10 3 2 1 1
	10 3 2 2 1
	10 3 2 3 1
	10 3 2 4 1
	10 3 3 1 1
	10 3 3 2 1
	10 3 3 3 1
	10 3 3 4 0
	10 3 4 1 1
	10 3 4 2 1
	10 3 4 3 1
	10 3 4 4 0
	10 3 5 1 1
	10 3 5 2 1
	10 3 5 3 1
	10 3 5 4 0
	10 4 1 1 1
	10 4 1 2 1
	10 4 1 3 1
	10 4 1 4 0
	10 4 2 1 1
	10 4 2 2 1
	10 4 2 3 1
	10 4 2 4 1
	10 4 3 1 1
	10 4 3 2 1
	10 4 3 3 1
	10 4 3 4 0
	10 4 4 1 1
	10 4 4 2 1
	10 4 4 3 1
	10 4 4 4 0
	10 4 5 1 1
	10 4 5 2 1
	10 4 5 3 1
	10 4 5 4 0
	11 1 1 1 1
	11 1 1 2 1
	11 1 1 3 1
	11 1 1 4 0
	11 1 2 1 1
	11 1 2 2 1
	11 1 2 3 1
	11 1 2 4 0
	11 1 3 1 1
	11 1 3 2 1
	11 1 3 3 1
	11 1 3 4 0
	11 1 4 1 1
	11 1 4 2 1
	11 1 4 3 1
	11 1 4 4 0
	11 1 5 1 0
	11 1 5 2 0
	11 1 5 3 0
	11 1 5 4 0
	11 2 1 1 1
	11 2 1 2 1
	11 2 1 3 1
	11 2 1 4 0
	11 2 2 1 1
	11 2 2 2 1
	11 2 2 3 1
	11 2 2 4 0
	11 2 3 1 1
	11 2 3 2 1
	11 2 3 3 1
	11 2 3 4 0
	11 2 4 1 1
	11 2 4 2 1
	11 2 4 3 1
	11 2 4 4 0
	11 2 5 1 0
	11 2 5 2 0
	11 2 5 3 0
	11 2 5 4 0
	11 3 1 1 1
	11 3 1 2 1
	11 3 1 3 1
	11 3 1 4 0
	11 3 2 1 1
	11 3 2 2 1
	11 3 2 3 1
	11 3 2 4 0
	11 3 3 1 1
	11 3 3 2 1
	11 3 3 3 1
	11 3 3 4 0
	11 3 4 1 1
	11 3 4 2 1
	11 3 4 3 1
	11 3 4 4 0
	11 3 5 1 0
	11 3 5 2 0
	11 3 5 3 0
	11 3 5 4 0
	11 4 1 1 1
	11 4 1 2 1
	11 4 1 3 1
	11 4 1 4 0
	11 4 2 1 1
	11 4 2 2 1
	11 4 2 3 1
	11 4 2 4 0
	11 4 3 1 1
	11 4 3 2 1
	11 4 3 3 1
	11 4 3 4 0
	11 4 4 1 1
	11 4 4 2 1
	11 4 4 3 1
	11 4 4 4 0
	11 4 5 1 0
	11 4 5 2 0
	11 4 5 3 0
	11 4 5 4 0
	12 1 1 1 0
	12 1 1 2 0
	12 1 1 3 0
	12 1 1 4 0
	12 1 2 1 0
	12 1 2 2 0
	12 1 2 3 0
	12 1 2 4 0
	12 1 3 1 0
	12 1 3 2 0
	12 1 3 3 0
	12 1 3 4 0
	12 1 4 1 0
	12 1 4 2 0
	12 1 4 3 0
	12 1 4 4 0
	12 1 5 1 0
	12 1 5 2 0
	12 1 5 3 0
	12 1 5 4 0
	12 2 1 1 0
	12 2 1 2 0
	12 2 1 3 0
	12 2 1 4 0
	12 2 2 1 0
	12 2 2 2 0
	12 2 2 3 0
	12 2 2 4 0
	12 2 3 1 0
	12 2 3 2 0
	12 2 3 3 0
	12 2 3 4 0
	12 2 4 1 0
	12 2 4 2 0
	12 2 4 3 0
	12 2 4 4 0
	12 2 5 1 0
	12 2 5 2 0
	12 2 5 3 0
	12 2 5 4 0
	12 3 1 1 0
	12 3 1 2 0
	12 3 1 3 0
	12 3 1 4 0
	12 3 2 1 0
	12 3 2 2 0
	12 3 2 3 0
	12 3 2 4 0
	12 3 3 1 0
	12 3 3 2 0
	12 3 3 3 0
	12 3 3 4 0
	12 3 4 1 0
	12 3 4 2 0
	12 3 4 3 0
	12 3 4 4 0
	12 3 5 1 0
	12 3 5 2 0
	12 3 5 3 0
	12 3 5 4 0
	12 4 1 1 0
	12 4 1 2 0
	12 4 1 3 0
	12 4 1 4 0
	12 4 2 1 0
	12 4 2 2 0
	12 4 2 3 0
	12 4 2 4 0
	12 4 3 1 0
	12 4 3 2 0
	12 4 3 3 0
	12 4 3 4 0
	12 4 4 1 0
	12 4 4 2 0
	12 4 4 3 0
	12 4 4 4 0
	12 4 5 1 0
	12 4 5 2 0
	12 4 5 3 0
	12 4 5 4 0
	13 1 1 1 0
	13 1 1 2 0
	13 1 1 3 0
	13 1 1 4 0
	13 1 2 1 0
	13 1 2 2 0
	13 1 2 3 0
	13 1 2 4 0
	13 1 3 1 0
	13 1 3 2 0
	13 1 3 3 0
	13 1 3 4 0
	13 1 4 1 0
	13 1 4 2 0
	13 1 4 3 0
	13 1 4 4 0
	13 1 5 1 0
	13 1 5 2 0
	13 1 5 3 0
	13 1 5 4 0
	13 2 1 1 0
	13 2 1 2 0
	13 2 1 3 0
	13 2 1 4 0
	13 2 2 1 0
	13 2 2 2 0
	13 2 2 3 0
	13 2 2 4 0
	13 2 3 1 0
	13 2 3 2 0
	13 2 3 3 0
	13 2 3 4 0
	13 2 4 1 0
	13 2 4 2 0
	13 2 4 3 0
	13 2 4 4 0
	13 2 5 1 0
	13 2 5 2 0
	13 2 5 3 0
	13 2 5 4 0
	13 3 1 1 0
	13 3 1 2 0
	13 3 1 3 0
	13 3 1 4 0
	13 3 2 1 0
	13 3 2 2 0
	13 3 2 3 0
	13 3 2 4 0
	13 3 3 1 0
	13 3 3 2 0
	13 3 3 3 0
	13 3 3 4 0
	13 3 4 1 0
	13 3 4 2 0
	13 3 4 3 0
	13 3 4 4 0
	13 3 5 1 0
	13 3 5 2 0
	13 3 5 3 0
	13 3 5 4 0
	13 4 1 1 0
	13 4 1 2 0
	13 4 1 3 0
	13 4 1 4 0
	13 4 2 1 0
	13 4 2 2 0
	13 4 2 3 0
	13 4 2 4 0
	13 4 3 1 0
	13 4 3 2 0
	13 4 3 3 0
	13 4 3 4 0
	13 4 4 1 0
	13 4 4 2 0
	13 4 4 3 0
	13 4 4 4 0
	13 4 5 1 0
	13 4 5 2 0
	13 4 5 3 0
	13 4 5 4 0
	14 1 1 1 0
	14 1 1 2 0
	14 1 1 3 0
	14 1 1 4 0
	14 1 2 1 0
	14 1 2 2 0
	14 1 2 3 0
	14 1 2 4 0
	14 1 3 1 0
	14 1 3 2 0
	14 1 3 3 0
	14 1 3 4 0
	14 1 4 1 0
	14 1 4 2 0
	14 1 4 3 0
	14 1 4 4 0
	14 1 5 1 0
	14 1 5 2 0
	14 1 5 3 0
	14 1 5 4 0
	14 2 1 1 0
	14 2 1 2 0
	14 2 1 3 0
	14 2 1 4 0
	14 2 2 1 0
	14 2 2 2 0
	14 2 2 3 0
	14 2 2 4 0
	14 2 3 1 0
	14 2 3 2 0
	14 2 3 3 0
	14 2 3 4 0
	14 2 4 1 0
	14 2 4 2 0
	14 2 4 3 0
	14 2 4 4 0
	14 2 5 1 0
	14 2 5 2 0
	14 2 5 3 0
	14 2 5 4 0
	14 3 1 1 0
	14 3 1 2 0
	14 3 1 3 0
	14 3 1 4 0
	14 3 2 1 0
	14 3 2 2 0
	14 3 2 3 0
	14 3 2 4 0
	14 3 3 1 0
	14 3 3 2 0
	14 3 3 3 0
	14 3 3 4 0
	14 3 4 1 0
	14 3 4 2 0
	14 3 4 3 0
	14 3 4 4 0
	14 3 5 1 0
	14 3 5 2 0
	14 3 5 3 0
	14 3 5 4 0
	14 4 1 1 0
	14 4 1 2 0
	14 4 1 3 0
	14 4 1 4 0
	14 4 2 1 0
	14 4 2 2 0
	14 4 2 3 0
	14 4 2 4 0
	14 4 3 1 0
	14 4 3 2 0
	14 4 3 3 0
	14 4 3 4 0
	14 4 4 1 0
	14 4 4 2 0
	14 4 4 3 0
	14 4 4 4 0
	14 4 5 1 0
	14 4 5 2 0
	14 4 5 3 0
	14 4 5 4 0
	15 1 1 1 0
	15 1 1 2 0
	15 1 1 3 0
	15 1 1 4 0
	15 1 2 1 0
	15 1 2 2 0
	15 1 2 3 0
	15 1 2 4 0
	15 1 3 1 0
	15 1 3 2 0
	15 1 3 3 0
	15 1 3 4 0
	15 1 4 1 0
	15 1 4 2 0
	15 1 4 3 0
	15 1 4 4 0
	15 1 5 1 0
	15 1 5 2 0
	15 1 5 3 0
	15 1 5 4 0
	15 2 1 1 0
	15 2 1 2 0
	15 2 1 3 0
	15 2 1 4 0
	15 2 2 1 0
	15 2 2 2 0
	15 2 2 3 0
	15 2 2 4 0
	15 2 3 1 0
	15 2 3 2 0
	15 2 3 3 0
	15 2 3 4 0
	15 2 4 1 0
	15 2 4 2 0
	15 2 4 3 0
	15 2 4 4 0
	15 2 5 1 0
	15 2 5 2 0
	15 2 5 3 0
	15 2 5 4 0
	15 3 1 1 0
	15 3 1 2 0
	15 3 1 3 0
	15 3 1 4 0
	15 3 2 1 0
	15 3 2 2 0
	15 3 2 3 0
	15 3 2 4 0
	15 3 3 1 0
	15 3 3 2 0
	15 3 3 3 0
	15 3 3 4 0
	15 3 4 1 0
	15 3 4 2 0
	15 3 4 3 0
	15 3 4 4 0
	15 3 5 1 0
	15 3 5 2 0
	15 3 5 3 0
	15 3 5 4 0
	15 4 1 1 0
	15 4 1 2 0
	15 4 1 3 0
	15 4 1 4 0
	15 4 2 1 0
	15 4 2 2 0
	15 4 2 3 0
	15 4 2 4 0
	15 4 3 1 0
	15 4 3 2 0
	15 4 3 3 0
	15 4 3 4 0
	15 4 4 1 0
	15 4 4 2 0
	15 4 4 3 0
	15 4 4 4 0
	15 4 5 1 0
	15 4 5 2 0
	15 4 5 3 0
	15 4 5 4 0
	16 1 1 1 0
	16 1 1 2 0
	16 1 1 3 0
	16 1 1 4 0
	16 1 2 1 0
	16 1 2 2 0
	16 1 2 3 0
	16 1 2 4 0
	16 1 3 1 0
	16 1 3 2 0
	16 1 3 3 0
	16 1 3 4 0
	16 1 4 1 0
	16 1 4 2 0
	16 1 4 3 0
	16 1 4 4 0
	16 1 5 1 0
	16 1 5 2 0
	16 1 5 3 0
	16 1 5 4 0
	16 2 1 1 0
	16 2 1 2 0
	16 2 1 3 0
	16 2 1 4 0
	16 2 2 1 0
	16 2 2 2 0
	16 2 2 3 0
	16 2 2 4 0
	16 2 3 1 0
	16 2 3 2 0
	16 2 3 3 0
	16 2 3 4 0
	16 2 4 1 0
	16 2 4 2 0
	16 2 4 3 0
	16 2 4 4 0
	16 2 5 1 0
	16 2 5 2 0
	16 2 5 3 0
	16 2 5 4 0
	16 3 1 1 0
	16 3 1 2 0
	16 3 1 3 0
	16 3 1 4 0
	16 3 2 1 0
	16 3 2 2 0
	16 3 2 3 0
	16 3 2 4 0
	16 3 3 1 0
	16 3 3 2 0
	16 3 3 3 0
	16 3 3 4 0
	16 3 4 1 0
	16 3 4 2 0
	16 3 4 3 0
	16 3 4 4 0
	16 3 5 1 0
	16 3 5 2 0
	16 3 5 3 0
	16 3 5 4 0
	16 4 1 1 0
	16 4 1 2 0
	16 4 1 3 0
	16 4 1 4 0
	16 4 2 1 0
	16 4 2 2 0
	16 4 2 3 0
	16 4 2 4 0
	16 4 3 1 0
	16 4 3 2 0
	16 4 3 3 0
	16 4 3 4 0
	16 4 4 1 0
	16 4 4 2 0
	16 4 4 3 0
	16 4 4 4 0
	16 4 5 1 0
	16 4 5 2 0
	16 4 5 3 0
	16 4 5 4 0
	17 1 1 1 0
	17 1 1 2 0
	17 1 1 3 0
	17 1 1 4 0
	17 1 2 1 0
	17 1 2 2 0
	17 1 2 3 0
	17 1 2 4 0
	17 1 3 1 0
	17 1 3 2 0
	17 1 3 3 0
	17 1 3 4 0
	17 1 4 1 0
	17 1 4 2 0
	17 1 4 3 0
	17 1 4 4 0
	17 1 5 1 0
	17 1 5 2 0
	17 1 5 3 0
	17 1 5 4 0
	17 2 1 1 0
	17 2 1 2 0
	17 2 1 3 0
	17 2 1 4 0
	17 2 2 1 0
	17 2 2 2 0
	17 2 2 3 0
	17 2 2 4 0
	17 2 3 1 0
	17 2 3 2 0
	17 2 3 3 0
	17 2 3 4 0
	17 2 4 1 0
	17 2 4 2 0
	17 2 4 3 0
	17 2 4 4 0
	17 2 5 1 0
	17 2 5 2 0
	17 2 5 3 0
	17 2 5 4 0
	17 3 1 1 0
	17 3 1 2 0
	17 3 1 3 0
	17 3 1 4 0
	17 3 2 1 0
	17 3 2 2 0
	17 3 2 3 0
	17 3 2 4 0
	17 3 3 1 0
	17 3 3 2 0
	17 3 3 3 0
	17 3 3 4 0
	17 3 4 1 0
	17 3 4 2 0
	17 3 4 3 0
	17 3 4 4 0
	17 3 5 1 0
	17 3 5 2 0
	17 3 5 3 0
	17 3 5 4 0
	17 4 1 1 0
	17 4 1 2 0
	17 4 1 3 0
	17 4 1 4 0
	17 4 2 1 0
	17 4 2 2 0
	17 4 2 3 0
	17 4 2 4 0
	17 4 3 1 0
	17 4 3 2 0
	17 4 3 3 0
	17 4 3 4 0
	17 4 4 1 0
	17 4 4 2 0
	17 4 4 3 0
	17 4 4 4 0
	17 4 5 1 0
	17 4 5 2 0
	17 4 5 3 0
	17 4 5 4 0
	18 1 1 1 0
	18 1 1 2 0
	18 1 1 3 0
	18 1 1 4 0
	18 1 2 1 0
	18 1 2 2 0
	18 1 2 3 0
	18 1 2 4 0
	18 1 3 1 0
	18 1 3 2 0
	18 1 3 3 0
	18 1 3 4 0
	18 1 4 1 0
	18 1 4 2 0
	18 1 4 3 0
	18 1 4 4 0
	18 1 5 1 0
	18 1 5 2 0
	18 1 5 3 0
	18 1 5 4 0
	18 2 1 1 0
	18 2 1 2 0
	18 2 1 3 0
	18 2 1 4 0
	18 2 2 1 0
	18 2 2 2 0
	18 2 2 3 0
	18 2 2 4 0
	18 2 3 1 0
	18 2 3 2 0
	18 2 3 3 0
	18 2 3 4 0
	18 2 4 1 0
	18 2 4 2 0
	18 2 4 3 0
	18 2 4 4 0
	18 2 5 1 0
	18 2 5 2 0
	18 2 5 3 0
	18 2 5 4 0
	18 3 1 1 0
	18 3 1 2 0
	18 3 1 3 0
	18 3 1 4 0
	18 3 2 1 0
	18 3 2 2 0
	18 3 2 3 0
	18 3 2 4 0
	18 3 3 1 0
	18 3 3 2 0
	18 3 3 3 0
	18 3 3 4 0
	18 3 4 1 0
	18 3 4 2 0
	18 3 4 3 0
	18 3 4 4 0
	18 3 5 1 0
	18 3 5 2 0
	18 3 5 3 0
	18 3 5 4 0
	18 4 1 1 0
	18 4 1 2 0
	18 4 1 3 0
	18 4 1 4 0
	18 4 2 1 0
	18 4 2 2 0
	18 4 2 3 0
	18 4 2 4 0
	18 4 3 1 0
	18 4 3 2 0
	18 4 3 3 0
	18 4 3 4 0
	18 4 4 1 0
	18 4 4 2 0
	18 4 4 3 0
	18 4 4 4 0
	18 4 5 1 0
	18 4 5 2 0
	18 4 5 3 0
	18 4 5 4 0
	19 1 1 1 0
	19 1 1 2 0
	19 1 1 3 0
	19 1 1 4 0
	19 1 2 1 0
	19 1 2 2 0
	19 1 2 3 0
	19 1 2 4 0
	19 1 3 1 0
	19 1 3 2 0
	19 1 3 3 0
	19 1 3 4 0
	19 1 4 1 0
	19 1 4 2 0
	19 1 4 3 0
	19 1 4 4 0
	19 1 5 1 0
	19 1 5 2 0
	19 1 5 3 0
	19 1 5 4 0
	19 2 1 1 0
	19 2 1 2 0
	19 2 1 3 0
	19 2 1 4 0
	19 2 2 1 0
	19 2 2 2 0
	19 2 2 3 0
	19 2 2 4 0
	19 2 3 1 0
	19 2 3 2 0
	19 2 3 3 0
	19 2 3 4 0
	19 2 4 1 0
	19 2 4 2 0
	19 2 4 3 0
	19 2 4 4 0
	19 2 5 1 0
	19 2 5 2 0
	19 2 5 3 0
	19 2 5 4 0
	19 3 1 1 0
	19 3 1 2 0
	19 3 1 3 0
	19 3 1 4 0
	19 3 2 1 0
	19 3 2 2 0
	19 3 2 3 0
	19 3 2 4 0
	19 3 3 1 0
	19 3 3 2 0
	19 3 3 3 0
	19 3 3 4 0
	19 3 4 1 0
	19 3 4 2 0
	19 3 4 3 0
	19 3 4 4 0
	19 3 5 1 0
	19 3 5 2 0
	19 3 5 3 0
	19 3 5 4 0
	19 4 1 1 0
	19 4 1 2 0
	19 4 1 3 0
	19 4 1 4 0
	19 4 2 1 0
	19 4 2 2 0
	19 4 2 3 0
	19 4 2 4 0
	19 4 3 1 0
	19 4 3 2 0
	19 4 3 3 0
	19 4 3 4 0
	19 4 4 1 0
	19 4 4 2 0
	19 4 4 3 0
	19 4 4 4 0
	19 4 5 1 0
	19 4 5 2 0
	19 4 5 3 0
	19 4 5 4 0
	20 1 1 1 0
	20 1 1 2 0
	20 1 1 3 0
	20 1 1 4 0
	20 1 2 1 0
	20 1 2 2 0
	20 1 2 3 0
	20 1 2 4 0
	20 1 3 1 0
	20 1 3 2 0
	20 1 3 3 0
	20 1 3 4 0
	20 1 4 1 0
	20 1 4 2 0
	20 1 4 3 0
	20 1 4 4 0
	20 1 5 1 0
	20 1 5 2 0
	20 1 5 3 0
	20 1 5 4 0
	20 2 1 1 0
	20 2 1 2 0
	20 2 1 3 0
	20 2 1 4 0
	20 2 2 1 0
	20 2 2 2 0
	20 2 2 3 0
	20 2 2 4 0
	20 2 3 1 0
	20 2 3 2 0
	20 2 3 3 0
	20 2 3 4 0
	20 2 4 1 0
	20 2 4 2 0
	20 2 4 3 0
	20 2 4 4 0
	20 2 5 1 0
	20 2 5 2 0
	20 2 5 3 0
	20 2 5 4 0
	20 3 1 1 0
	20 3 1 2 0
	20 3 1 3 0
	20 3 1 4 0
	20 3 2 1 0
	20 3 2 2 0
	20 3 2 3 0
	20 3 2 4 0
	20 3 3 1 0
	20 3 3 2 0
	20 3 3 3 0
	20 3 3 4 0
	20 3 4 1 0
	20 3 4 2 0
	20 3 4 3 0
	20 3 4 4 0
	20 3 5 1 0
	20 3 5 2 0
	20 3 5 3 0
	20 3 5 4 0
	20 4 1 1 0
	20 4 1 2 0
	20 4 1 3 0
	20 4 1 4 0
	20 4 2 1 0
	20 4 2 2 0
	20 4 2 3 0
	20 4 2 4 0
	20 4 3 1 0
	20 4 3 2 0
	20 4 3 3 0
	20 4 3 4 0
	20 4 4 1 0
	20 4 4 2 0
	20 4 4 3 0
	20 4 4 4 0
	20 4 5 1 0
	20 4 5 2 0
	20 4 5 3 0
	20 4 5 4 0
	21 1 1 1 0
	21 1 1 2 0
	21 1 1 3 0
	21 1 1 4 0
	21 1 2 1 0
	21 1 2 2 0
	21 1 2 3 0
	21 1 2 4 0
	21 1 3 1 0
	21 1 3 2 0
	21 1 3 3 0
	21 1 3 4 0
	21 1 4 1 0
	21 1 4 2 0
	21 1 4 3 0
	21 1 4 4 0
	21 1 5 1 0
	21 1 5 2 0
	21 1 5 3 0
	21 1 5 4 0
	21 2 1 1 0
	21 2 1 2 0
	21 2 1 3 0
	21 2 1 4 0
	21 2 2 1 0
	21 2 2 2 0
	21 2 2 3 0
	21 2 2 4 0
	21 2 3 1 0
	21 2 3 2 0
	21 2 3 3 0
	21 2 3 4 0
	21 2 4 1 0
	21 2 4 2 0
	21 2 4 3 0
	21 2 4 4 0
	21 2 5 1 0
	21 2 5 2 0
	21 2 5 3 0
	21 2 5 4 0
	21 3 1 1 0
	21 3 1 2 0
	21 3 1 3 0
	21 3 1 4 0
	21 3 2 1 0
	21 3 2 2 0
	21 3 2 3 0
	21 3 2 4 0
	21 3 3 1 0
	21 3 3 2 0
	21 3 3 3 0
	21 3 3 4 0
	21 3 4 1 0
	21 3 4 2 0
	21 3 4 3 0
	21 3 4 4 0
	21 3 5 1 0
	21 3 5 2 0
	21 3 5 3 0
	21 3 5 4 0
	21 4 1 1 0
	21 4 1 2 0
	21 4 1 3 0
	21 4 1 4 0
	21 4 2 1 0
	21 4 2 2 0
	21 4 2 3 0
	21 4 2 4 0
	21 4 3 1 0
	21 4 3 2 0
	21 4 3 3 0
	21 4 3 4 0
	21 4 4 1 0
	21 4 4 2 0
	21 4 4 3 0
	21 4 4 4 0
	21 4 5 1 0
	21 4 5 2 0
	21 4 5 3 0
	21 4 5 4 0
	22 1 1 1 0
	22 1 1 2 0
	22 1 1 3 0
	22 1 1 4 0
	22 1 2 1 0
	22 1 2 2 0
	22 1 2 3 0
	22 1 2 4 0
	22 1 3 1 0
	22 1 3 2 0
	22 1 3 3 0
	22 1 3 4 0
	22 1 4 1 0
	22 1 4 2 0
	22 1 4 3 0
	22 1 4 4 0
	22 1 5 1 0
	22 1 5 2 0
	22 1 5 3 0
	22 1 5 4 0
	22 2 1 1 0
	22 2 1 2 0
	22 2 1 3 0
	22 2 1 4 0
	22 2 2 1 0
	22 2 2 2 0
	22 2 2 3 0
	22 2 2 4 0
	22 2 3 1 0
	22 2 3 2 0
	22 2 3 3 0
	22 2 3 4 0
	22 2 4 1 0
	22 2 4 2 0
	22 2 4 3 0
	22 2 4 4 0
	22 2 5 1 0
	22 2 5 2 0
	22 2 5 3 0
	22 2 5 4 0
	22 3 1 1 0
	22 3 1 2 0
	22 3 1 3 0
	22 3 1 4 0
	22 3 2 1 0
	22 3 2 2 0
	22 3 2 3 0
	22 3 2 4 0
	22 3 3 1 0
	22 3 3 2 0
	22 3 3 3 0
	22 3 3 4 0
	22 3 4 1 0
	22 3 4 2 0
	22 3 4 3 0
	22 3 4 4 0
	22 3 5 1 0
	22 3 5 2 0
	22 3 5 3 0
	22 3 5 4 0
	22 4 1 1 0
	22 4 1 2 0
	22 4 1 3 0
	22 4 1 4 0
	22 4 2 1 0
	22 4 2 2 0
	22 4 2 3 0
	22 4 2 4 0
	22 4 3 1 0
	22 4 3 2 0
	22 4 3 3 0
	22 4 3 4 0
	22 4 4 1 0
	22 4 4 2 0
	22 4 4 3 0
	22 4 4 4 0
	22 4 5 1 0
	22 4 5 2 0
	22 4 5 3 0
	22 4 5 4 0
