# Data file for Master Thesis by Claes Arvidson and Emelie Karlsson4/5/2016 4:13:31 PM
# Shows worker_type, ID, name, department, weekend, Position, PL_group, HB, freeday, *LOW, *LOW_prefer, avail


lib
2
aö
Vuxen
no_weekend
not_boss
standard_PL
standard_HB
no_freeday
avail:
1,1,1 = 1
1,1,2 = 1
1,1,3 = 1
1,1,4 = 0
1,2,1 = 1
1,2,2 = 1
1,2,3 = 1
1,2,4 = 1
1,3,1 = 1
1,3,2 = 1
1,3,3 = 1
1,3,4 = 0
1,4,1 = 1
1,4,2 = 1
1,4,3 = 1
1,4,4 = 0
1,5,1 = 1
1,5,2 = 1
1,5,3 = 1
1,5,4 = 0
1,6,1 = 0
1,6,2 = 0
1,6,3 = 0
1,6,4 = 0
1,7,1 = 0
1,7,2 = 0
1,7,3 = 0
1,7,4 = 0
2,1,1 = 1
2,1,2 = 1
2,1,3 = 1
2,1,4 = 0
2,2,1 = 1
2,2,2 = 1
2,2,3 = 1
2,2,4 = 1
2,3,1 = 1
2,3,2 = 1
2,3,3 = 1
2,3,4 = 0
2,4,1 = 1
2,4,2 = 1
2,4,3 = 1
2,4,4 = 0
2,5,1 = 1
2,5,2 = 1
2,5,3 = 1
2,5,4 = 0
2,6,1 = 0
2,6,2 = 0
2,6,3 = 0
2,6,4 = 0
2,7,1 = 0
2,7,2 = 0
2,7,3 = 0
2,7,4 = 0
3,1,1 = 1
3,1,2 = 1
3,1,3 = 1
3,1,4 = 0
3,2,1 = 1
3,2,2 = 1
3,2,3 = 1
3,2,4 = 1
3,3,1 = 1
3,3,2 = 1
3,3,3 = 1
3,3,4 = 0
3,4,1 = 1
3,4,2 = 1
3,4,3 = 1
3,4,4 = 0
3,5,1 = 1
3,5,2 = 1
3,5,3 = 1
3,5,4 = 0
3,6,1 = 0
3,6,2 = 0
3,6,3 = 0
3,6,4 = 0
3,7,1 = 0
3,7,2 = 0
3,7,3 = 0
3,7,4 = 0
4,1,1 = 1
4,1,2 = 1
4,1,3 = 1
4,1,4 = 0
4,2,1 = 1
4,2,2 = 1
4,2,3 = 1
4,2,4 = 1
4,3,1 = 1
4,3,2 = 1
4,3,3 = 1
4,3,4 = 0
4,4,1 = 1
4,4,2 = 1
4,4,3 = 1
4,4,4 = 0
4,5,1 = 1
4,5,2 = 1
4,5,3 = 1
4,5,4 = 0
4,6,1 = 0
4,6,2 = 0
4,6,3 = 0
4,6,4 = 0
4,7,1 = 0
4,7,2 = 0
4,7,3 = 0
4,7,4 = 0
5,1,1 = 1
5,1,2 = 1
5,1,3 = 1
5,1,4 = 0
5,2,1 = 1
5,2,2 = 1
5,2,3 = 1
5,2,4 = 1
5,3,1 = 1
5,3,2 = 1
5,3,3 = 1
5,3,4 = 0
5,4,1 = 1
5,4,2 = 1
5,4,3 = 1
5,4,4 = 0
5,5,1 = 1
5,5,2 = 1
5,5,3 = 1
5,5,4 = 0
5,6,1 = 0
5,6,2 = 0
5,6,3 = 0
5,6,4 = 0
5,7,1 = 0
5,7,2 = 0
5,7,3 = 0
5,7,4 = 0


lib
3
be
Vuxen
weekend
not_boss
standard_PL
standard_HB
no_freeday
avail:
1,1,1 = 1
1,1,2 = 1
1,1,3 = 1
1,1,4 = 0
1,2,1 = 1
1,2,2 = 1
1,2,3 = 1
1,2,4 = 1
1,3,1 = 1
1,3,2 = 1
1,3,3 = 1
1,3,4 = 0
1,4,1 = 1
1,4,2 = 1
1,4,3 = 1
1,4,4 = 0
1,5,1 = 1
1,5,2 = 1
1,5,3 = 1
1,5,4 = 1
1,6,1 = 1
1,6,2 = 0
1,6,3 = 0
1,6,4 = 0
1,7,1 = 1
1,7,2 = 0
1,7,3 = 0
1,7,4 = 0
2,1,1 = 1
2,1,2 = 1
2,1,3 = 1
2,1,4 = 0
2,2,1 = 1
2,2,2 = 1
2,2,3 = 1
2,2,4 = 1
2,3,1 = 1
2,3,2 = 1
2,3,3 = 1
2,3,4 = 0
2,4,1 = 1
2,4,2 = 1
2,4,3 = 0
2,4,4 = 0
2,5,1 = 0
2,5,2 = 0
2,5,3 = 0
2,5,4 = 0
2,6,1 = 0
2,6,2 = 0
2,6,3 = 0
2,6,4 = 0
2,7,1 = 0
2,7,2 = 0
2,7,3 = 0
2,7,4 = 0
3,1,1 = 1
3,1,2 = 1
3,1,3 = 1
3,1,4 = 0
3,2,1 = 1
3,2,2 = 1
3,2,3 = 1
3,2,4 = 1
3,3,1 = 1
3,3,2 = 1
3,3,3 = 1
3,3,4 = 0
3,4,1 = 1
3,4,2 = 1
3,4,3 = 1
3,4,4 = 0
3,5,1 = 1
3,5,2 = 1
3,5,3 = 1
3,5,4 = 0
3,6,1 = 0
3,6,2 = 0
3,6,3 = 0
3,6,4 = 0
3,7,1 = 0
3,7,2 = 0
3,7,3 = 0
3,7,4 = 0
4,1,1 = 1
4,1,2 = 1
4,1,3 = 1
4,1,4 = 0
4,2,1 = 1
4,2,2 = 1
4,2,3 = 1
4,2,4 = 1
4,3,1 = 1
4,3,2 = 1
4,3,3 = 1
4,3,4 = 0
4,4,1 = 1
4,4,2 = 1
4,4,3 = 1
4,4,4 = 0
4,5,1 = 1
4,5,2 = 1
4,5,3 = 1
4,5,4 = 0
4,6,1 = 0
4,6,2 = 0
4,6,3 = 0
4,6,4 = 0
4,7,1 = 0
4,7,2 = 0
4,7,3 = 0
4,7,4 = 0
5,1,1 = 1
5,1,2 = 1
5,1,3 = 1
5,1,4 = 0
5,2,1 = 1
5,2,2 = 1
5,2,3 = 1
5,2,4 = 1
5,3,1 = 1
5,3,2 = 1
5,3,3 = 1
5,3,4 = 0
5,4,1 = 1
5,4,2 = 1
5,4,3 = 1
5,4,4 = 0
5,5,1 = 1
5,5,2 = 1
5,5,3 = 1
5,5,4 = 0
5,6,1 = 0
5,6,2 = 0
5,6,3 = 0
5,6,4 = 0
5,7,1 = 0
5,7,2 = 0
5,7,3 = 0
5,7,4 = 0


lib
4
bja
Vuxen
weekend
not_boss
no_PL
standard_HB
no_freeday
avail:
1,1,1 = 1
1,1,2 = 1
1,1,3 = 1
1,1,4 = 0
1,2,1 = 1
1,2,2 = 1
1,2,3 = 1
1,2,4 = 0
1,3,1 = 1
1,3,2 = 1
1,3,3 = 1
1,3,4 = 0
1,4,1 = 1
1,4,2 = 1
1,4,3 = 1
1,4,4 = 1
1,5,1 = 1
1,5,2 = 1
1,5,3 = 1
1,5,4 = 1
1,6,1 = 1
1,6,2 = 0
1,6,3 = 0
1,6,4 = 0
1,7,1 = 1
1,7,2 = 0
1,7,3 = 0
1,7,4 = 0
2,1,1 = 1
2,1,2 = 1
2,1,3 = 1
2,1,4 = 0
2,2,1 = 1
2,2,2 = 1
2,2,3 = 1
2,2,4 = 0
2,3,1 = 1
2,3,2 = 1
2,3,3 = 1
2,3,4 = 0
2,4,1 = 1
2,4,2 = 1
2,4,3 = 0
2,4,4 = 0
2,5,1 = 0
2,5,2 = 0
2,5,3 = 0
2,5,4 = 0
2,6,1 = 0
2,6,2 = 0
2,6,3 = 0
2,6,4 = 0
2,7,1 = 0
2,7,2 = 0
2,7,3 = 0
2,7,4 = 0
3,1,1 = 1
3,1,2 = 1
3,1,3 = 1
3,1,4 = 0
3,2,1 = 1
3,2,2 = 1
3,2,3 = 1
3,2,4 = 0
3,3,1 = 1
3,3,2 = 1
3,3,3 = 1
3,3,4 = 0
3,4,1 = 1
3,4,2 = 1
3,4,3 = 1
3,4,4 = 1
3,5,1 = 1
3,5,2 = 1
3,5,3 = 1
3,5,4 = 0
3,6,1 = 0
3,6,2 = 0
3,6,3 = 0
3,6,4 = 0
3,7,1 = 0
3,7,2 = 0
3,7,3 = 0
3,7,4 = 0
4,1,1 = 1
4,1,2 = 1
4,1,3 = 1
4,1,4 = 0
4,2,1 = 1
4,2,2 = 1
4,2,3 = 1
4,2,4 = 0
4,3,1 = 1
4,3,2 = 1
4,3,3 = 1
4,3,4 = 0
4,4,1 = 1
4,4,2 = 1
4,4,3 = 1
4,4,4 = 1
4,5,1 = 1
4,5,2 = 1
4,5,3 = 1
4,5,4 = 0
4,6,1 = 0
4,6,2 = 0
4,6,3 = 0
4,6,4 = 0
4,7,1 = 0
4,7,2 = 0
4,7,3 = 0
4,7,4 = 0
5,1,1 = 1
5,1,2 = 1
5,1,3 = 1
5,1,4 = 0
5,2,1 = 1
5,2,2 = 1
5,2,3 = 1
5,2,4 = 0
5,3,1 = 1
5,3,2 = 1
5,3,3 = 1
5,3,4 = 0
5,4,1 = 1
5,4,2 = 1
5,4,3 = 1
5,4,4 = 1
5,5,1 = 1
5,5,2 = 1
5,5,3 = 1
5,5,4 = 0
5,6,1 = 0
5,6,2 = 0
5,6,3 = 0
5,6,4 = 0
5,7,1 = 0
5,7,2 = 0
5,7,3 = 0
5,7,4 = 0


lib
5
bn
Media
weekend
not_boss
standard_PL
standard_HB
no_freeday
avail:
1,1,1 = 0
1,1,2 = 0
1,1,3 = 0
1,1,4 = 0
1,2,1 = 1
1,2,2 = 1
1,2,3 = 1
1,2,4 = 0
1,3,1 = 1
1,3,2 = 1
1,3,3 = 1
1,3,4 = 1
1,4,1 = 1
1,4,2 = 1
1,4,3 = 1
1,4,4 = 0
1,5,1 = 1
1,5,2 = 1
1,5,3 = 1
1,5,4 = 1
1,6,1 = 1
1,6,2 = 0
1,6,3 = 0
1,6,4 = 0
1,7,1 = 1
1,7,2 = 0
1,7,3 = 0
1,7,4 = 0
2,1,1 = 0
2,1,2 = 0
2,1,3 = 0
2,1,4 = 0
2,2,1 = 1
2,2,2 = 1
2,2,3 = 1
2,2,4 = 0
2,3,1 = 1
2,3,2 = 1
2,3,3 = 1
2,3,4 = 1
2,4,1 = 1
2,4,2 = 1
2,4,3 = 1
2,4,4 = 0
2,5,1 = 0
2,5,2 = 0
2,5,3 = 0
2,5,4 = 0
2,6,1 = 0
2,6,2 = 0
2,6,3 = 0
2,6,4 = 0
2,7,1 = 0
2,7,2 = 0
2,7,3 = 0
2,7,4 = 0
3,1,1 = 0
3,1,2 = 0
3,1,3 = 0
3,1,4 = 0
3,2,1 = 1
3,2,2 = 1
3,2,3 = 1
3,2,4 = 0
3,3,1 = 1
3,3,2 = 1
3,3,3 = 1
3,3,4 = 1
3,4,1 = 1
3,4,2 = 1
3,4,3 = 1
3,4,4 = 0
3,5,1 = 1
3,5,2 = 1
3,5,3 = 1
3,5,4 = 0
3,6,1 = 0
3,6,2 = 0
3,6,3 = 0
3,6,4 = 0
3,7,1 = 0
3,7,2 = 0
3,7,3 = 0
3,7,4 = 0
4,1,1 = 0
4,1,2 = 0
4,1,3 = 0
4,1,4 = 0
4,2,1 = 1
4,2,2 = 1
4,2,3 = 1
4,2,4 = 0
4,3,1 = 1
4,3,2 = 1
4,3,3 = 1
4,3,4 = 1
4,4,1 = 1
4,4,2 = 1
4,4,3 = 1
4,4,4 = 0
4,5,1 = 1
4,5,2 = 1
4,5,3 = 1
4,5,4 = 0
4,6,1 = 0
4,6,2 = 0
4,6,3 = 0
4,6,4 = 0
4,7,1 = 0
4,7,2 = 0
4,7,3 = 0
4,7,4 = 0
5,1,1 = 0
5,1,2 = 0
5,1,3 = 0
5,1,4 = 0
5,2,1 = 1
5,2,2 = 1
5,2,3 = 1
5,2,4 = 0
5,3,1 = 1
5,3,2 = 1
5,3,3 = 1
5,3,4 = 1
5,4,1 = 1
5,4,2 = 1
5,4,3 = 1
5,4,4 = 0
5,5,1 = 1
5,5,2 = 1
5,5,3 = 1
5,5,4 = 0
5,6,1 = 0
5,6,2 = 0
5,6,3 = 0
5,6,4 = 0
5,7,1 = 0
5,7,2 = 0
5,7,3 = 0
5,7,4 = 0


lib
7
clj
Media
weekend
not_boss
standard_PL
standard_HB
no_freeday
avail:
1,1,1 = 1
1,1,2 = 1
1,1,3 = 1
1,1,4 = 1
1,2,1 = 1
1,2,2 = 1
1,2,3 = 1
1,2,4 = 0
1,3,1 = 0
1,3,2 = 0
1,3,3 = 0
1,3,4 = 0
1,4,1 = 1
1,4,2 = 1
1,4,3 = 1
1,4,4 = 0
1,5,1 = 0
1,5,2 = 0
1,5,3 = 0
1,5,4 = 1
1,6,1 = 1
1,6,2 = 0
1,6,3 = 0
1,6,4 = 0
1,7,1 = 1
1,7,2 = 0
1,7,3 = 0
1,7,4 = 0
2,1,1 = 1
2,1,2 = 1
2,1,3 = 1
2,1,4 = 1
2,2,1 = 1
2,2,2 = 1
2,2,3 = 1
2,2,4 = 0
2,3,1 = 0
2,3,2 = 0
2,3,3 = 0
2,3,4 = 0
2,4,1 = 1
2,4,2 = 1
2,4,3 = 1
2,4,4 = 0
2,5,1 = 0
2,5,2 = 0
2,5,3 = 0
2,5,4 = 0
2,6,1 = 0
2,6,2 = 0
2,6,3 = 0
2,6,4 = 0
2,7,1 = 0
2,7,2 = 0
2,7,3 = 0
2,7,4 = 0
3,1,1 = 1
3,1,2 = 1
3,1,3 = 1
3,1,4 = 1
3,2,1 = 1
3,2,2 = 1
3,2,3 = 1
3,2,4 = 0
3,3,1 = 0
3,3,2 = 0
3,3,3 = 0
3,3,4 = 0
3,4,1 = 1
3,4,2 = 1
3,4,3 = 1
3,4,4 = 0
3,5,1 = 1
3,5,2 = 1
3,5,3 = 1
3,5,4 = 0
3,6,1 = 0
3,6,2 = 0
3,6,3 = 0
3,6,4 = 0
3,7,1 = 0
3,7,2 = 0
3,7,3 = 0
3,7,4 = 0
4,1,1 = 1
4,1,2 = 1
4,1,3 = 1
4,1,4 = 1
4,2,1 = 1
4,2,2 = 1
4,2,3 = 1
4,2,4 = 0
4,3,1 = 0
4,3,2 = 0
4,3,3 = 0
4,3,4 = 0
4,4,1 = 1
4,4,2 = 1
4,4,3 = 1
4,4,4 = 0
4,5,1 = 1
4,5,2 = 1
4,5,3 = 1
4,5,4 = 0
4,6,1 = 0
4,6,2 = 0
4,6,3 = 0
4,6,4 = 0
4,7,1 = 0
4,7,2 = 0
4,7,3 = 0
4,7,4 = 0
5,1,1 = 1
5,1,2 = 1
5,1,3 = 1
5,1,4 = 1
5,2,1 = 1
5,2,2 = 1
5,2,3 = 1
5,2,4 = 0
5,3,1 = 0
5,3,2 = 0
5,3,3 = 0
5,3,4 = 0
5,4,1 = 1
5,4,2 = 1
5,4,3 = 1
5,4,4 = 0
5,5,1 = 1
5,5,2 = 1
5,5,3 = 1
5,5,4 = 0
5,6,1 = 0
5,6,2 = 0
5,6,3 = 0
5,6,4 = 0
5,7,1 = 0
5,7,2 = 0
5,7,3 = 0
5,7,4 = 0


lib
8
df
Media
weekend
not_boss
many_PL
standard_HB
no_freeday
avail:
1,1,1 = 1
1,1,2 = 1
1,1,3 = 1
1,1,4 = 0
1,2,1 = 0
1,2,2 = 0
1,2,3 = 0
1,2,4 = 0
1,3,1 = 1
1,3,2 = 1
1,3,3 = 1
1,3,4 = 0
1,4,1 = 1
1,4,2 = 1
1,4,3 = 1
1,4,4 = 1
1,5,1 = 1
1,5,2 = 1
1,5,3 = 1
1,5,4 = 1
1,6,1 = 1
1,6,2 = 0
1,6,3 = 0
1,6,4 = 0
1,7,1 = 1
1,7,2 = 0
1,7,3 = 0
1,7,4 = 0
2,1,1 = 0
2,1,2 = 0
2,1,3 = 0
2,1,4 = 0
2,2,1 = 0
2,2,2 = 0
2,2,3 = 0
2,2,4 = 0
2,3,1 = 1
2,3,2 = 1
2,3,3 = 1
2,3,4 = 0
2,4,1 = 1
2,4,2 = 1
2,4,3 = 1
2,4,4 = 1
2,5,1 = 0
2,5,2 = 0
2,5,3 = 0
2,5,4 = 0
2,6,1 = 0
2,6,2 = 0
2,6,3 = 0
2,6,4 = 0
2,7,1 = 0
2,7,2 = 0
2,7,3 = 0
2,7,4 = 0
3,1,1 = 1
3,1,2 = 1
3,1,3 = 1
3,1,4 = 0
3,2,1 = 0
3,2,2 = 0
3,2,3 = 0
3,2,4 = 0
3,3,1 = 1
3,3,2 = 1
3,3,3 = 1
3,3,4 = 0
3,4,1 = 1
3,4,2 = 1
3,4,3 = 1
3,4,4 = 1
3,5,1 = 1
3,5,2 = 1
3,5,3 = 1
3,5,4 = 0
3,6,1 = 0
3,6,2 = 0
3,6,3 = 0
3,6,4 = 0
3,7,1 = 0
3,7,2 = 0
3,7,3 = 0
3,7,4 = 0
4,1,1 = 1
4,1,2 = 1
4,1,3 = 1
4,1,4 = 0
4,2,1 = 0
4,2,2 = 0
4,2,3 = 0
4,2,4 = 0
4,3,1 = 1
4,3,2 = 1
4,3,3 = 1
4,3,4 = 0
4,4,1 = 1
4,4,2 = 1
4,4,3 = 1
4,4,4 = 1
4,5,1 = 1
4,5,2 = 1
4,5,3 = 1
4,5,4 = 0
4,6,1 = 0
4,6,2 = 0
4,6,3 = 0
4,6,4 = 0
4,7,1 = 0
4,7,2 = 0
4,7,3 = 0
4,7,4 = 0
5,1,1 = 1
5,1,2 = 1
5,1,3 = 1
5,1,4 = 0
5,2,1 = 0
5,2,2 = 0
5,2,3 = 0
5,2,4 = 0
5,3,1 = 1
5,3,2 = 1
5,3,3 = 1
5,3,4 = 0
5,4,1 = 1
5,4,2 = 1
5,4,3 = 1
5,4,4 = 1
5,5,1 = 1
5,5,2 = 1
5,5,3 = 1
5,5,4 = 0
5,6,1 = 0
5,6,2 = 0
5,6,3 = 0
5,6,4 = 0
5,7,1 = 0
5,7,2 = 0
5,7,3 = 0
5,7,4 = 0


lib
9
ec
Media
weekend
boss
standard_PL
standard_HB
no_freeday
avail:
1,1,1 = 1
1,1,2 = 1
1,1,3 = 1
1,1,4 = 0
1,2,1 = 0
1,2,2 = 0
1,2,3 = 0
1,2,4 = 0
1,3,1 = 1
1,3,2 = 1
1,3,3 = 1
1,3,4 = 1
1,4,1 = 0
1,4,2 = 0
1,4,3 = 1
1,4,4 = 0
1,5,1 = 1
1,5,2 = 1
1,5,3 = 1
1,5,4 = 1
1,6,1 = 1
1,6,2 = 0
1,6,3 = 0
1,6,4 = 0
1,7,1 = 1
1,7,2 = 0
1,7,3 = 0
1,7,4 = 0
2,1,1 = 0
2,1,2 = 0
2,1,3 = 0
2,1,4 = 0
2,2,1 = 0
2,2,2 = 0
2,2,3 = 0
2,2,4 = 0
2,3,1 = 1
2,3,2 = 1
2,3,3 = 1
2,3,4 = 1
2,4,1 = 0
2,4,2 = 0
2,4,3 = 1
2,4,4 = 0
2,5,1 = 0
2,5,2 = 0
2,5,3 = 0
2,5,4 = 0
2,6,1 = 0
2,6,2 = 0
2,6,3 = 0
2,6,4 = 0
2,7,1 = 0
2,7,2 = 0
2,7,3 = 0
2,7,4 = 0
3,1,1 = 1
3,1,2 = 1
3,1,3 = 1
3,1,4 = 0
3,2,1 = 0
3,2,2 = 0
3,2,3 = 0
3,2,4 = 0
3,3,1 = 1
3,3,2 = 1
3,3,3 = 1
3,3,4 = 1
3,4,1 = 0
3,4,2 = 0
3,4,3 = 1
3,4,4 = 0
3,5,1 = 1
3,5,2 = 1
3,5,3 = 1
3,5,4 = 0
3,6,1 = 0
3,6,2 = 0
3,6,3 = 0
3,6,4 = 0
3,7,1 = 0
3,7,2 = 0
3,7,3 = 0
3,7,4 = 0
4,1,1 = 1
4,1,2 = 1
4,1,3 = 1
4,1,4 = 0
4,2,1 = 0
4,2,2 = 0
4,2,3 = 0
4,2,4 = 0
4,3,1 = 1
4,3,2 = 1
4,3,3 = 1
4,3,4 = 1
4,4,1 = 0
4,4,2 = 0
4,4,3 = 1
4,4,4 = 0
4,5,1 = 1
4,5,2 = 1
4,5,3 = 1
4,5,4 = 0
4,6,1 = 0
4,6,2 = 0
4,6,3 = 0
4,6,4 = 0
4,7,1 = 0
4,7,2 = 0
4,7,3 = 0
4,7,4 = 0
5,1,1 = 1
5,1,2 = 1
5,1,3 = 1
5,1,4 = 0
5,2,1 = 0
5,2,2 = 0
5,2,3 = 0
5,2,4 = 0
5,3,1 = 1
5,3,2 = 1
5,3,3 = 1
5,3,4 = 1
5,4,1 = 0
5,4,2 = 0
5,4,3 = 1
5,4,4 = 0
5,5,1 = 1
5,5,2 = 1
5,5,3 = 1
5,5,4 = 0
5,6,1 = 0
5,6,2 = 0
5,6,3 = 0
5,6,4 = 0
5,7,1 = 0
5,7,2 = 0
5,7,3 = 0
5,7,4 = 0


lib
12
hb
Vuxen
weekend
not_boss
standard_PL
standard_HB
no_freeday
avail:
1,1,1 = 1
1,1,2 = 1
1,1,3 = 1
1,1,4 = 0
1,2,1 = 1
1,2,2 = 1
1,2,3 = 1
1,2,4 = 0
1,3,1 = 1
1,3,2 = 1
1,3,3 = 1
1,3,4 = 1
1,4,1 = 1
1,4,2 = 1
1,4,3 = 1
1,4,4 = 0
1,5,1 = 1
1,5,2 = 1
1,5,3 = 1
1,5,4 = 1
1,6,1 = 1
1,6,2 = 0
1,6,3 = 0
1,6,4 = 0
1,7,1 = 1
1,7,2 = 0
1,7,3 = 0
1,7,4 = 0
2,1,1 = 1
2,1,2 = 1
2,1,3 = 1
2,1,4 = 0
2,2,1 = 1
2,2,2 = 1
2,2,3 = 1
2,2,4 = 0
2,3,1 = 1
2,3,2 = 1
2,3,3 = 1
2,3,4 = 1
2,4,1 = 1
2,4,2 = 1
2,4,3 = 0
2,4,4 = 0
2,5,1 = 0
2,5,2 = 0
2,5,3 = 0
2,5,4 = 0
2,6,1 = 0
2,6,2 = 0
2,6,3 = 0
2,6,4 = 0
2,7,1 = 0
2,7,2 = 0
2,7,3 = 0
2,7,4 = 0
3,1,1 = 1
3,1,2 = 1
3,1,3 = 1
3,1,4 = 0
3,2,1 = 1
3,2,2 = 1
3,2,3 = 1
3,2,4 = 0
3,3,1 = 1
3,3,2 = 1
3,3,3 = 1
3,3,4 = 1
3,4,1 = 1
3,4,2 = 1
3,4,3 = 1
3,4,4 = 0
3,5,1 = 1
3,5,2 = 1
3,5,3 = 1
3,5,4 = 0
3,6,1 = 0
3,6,2 = 0
3,6,3 = 0
3,6,4 = 0
3,7,1 = 0
3,7,2 = 0
3,7,3 = 0
3,7,4 = 0
4,1,1 = 1
4,1,2 = 1
4,1,3 = 1
4,1,4 = 0
4,2,1 = 1
4,2,2 = 1
4,2,3 = 1
4,2,4 = 0
4,3,1 = 1
4,3,2 = 1
4,3,3 = 1
4,3,4 = 1
4,4,1 = 1
4,4,2 = 1
4,4,3 = 1
4,4,4 = 0
4,5,1 = 1
4,5,2 = 1
4,5,3 = 1
4,5,4 = 0
4,6,1 = 0
4,6,2 = 0
4,6,3 = 0
4,6,4 = 0
4,7,1 = 0
4,7,2 = 0
4,7,3 = 0
4,7,4 = 0
5,1,1 = 1
5,1,2 = 1
5,1,3 = 1
5,1,4 = 0
5,2,1 = 1
5,2,2 = 1
5,2,3 = 1
5,2,4 = 0
5,3,1 = 1
5,3,2 = 1
5,3,3 = 1
5,3,4 = 1
5,4,1 = 1
5,4,2 = 1
5,4,3 = 1
5,4,4 = 0
5,5,1 = 1
5,5,2 = 1
5,5,3 = 1
5,5,4 = 0
5,6,1 = 0
5,6,2 = 0
5,6,3 = 0
5,6,4 = 0
5,7,1 = 0
5,7,2 = 0
5,7,3 = 0
5,7,4 = 0


lib
13
ik
Vuxen
weekend
not_boss
standard_PL
standard_HB
no_freeday
avail:
1,1,1 = 1
1,1,2 = 1
1,1,3 = 1
1,1,4 = 0
1,2,1 = 1
1,2,2 = 1
1,2,3 = 0
1,2,4 = 1
1,3,1 = 1
1,3,2 = 1
1,3,3 = 1
1,3,4 = 0
1,4,1 = 1
1,4,2 = 1
1,4,3 = 1
1,4,4 = 0
1,5,1 = 1
1,5,2 = 1
1,5,3 = 1
1,5,4 = 1
1,6,1 = 1
1,6,2 = 0
1,6,3 = 0
1,6,4 = 0
1,7,1 = 1
1,7,2 = 0
1,7,3 = 0
1,7,4 = 0
2,1,1 = 0
2,1,2 = 0
2,1,3 = 0
2,1,4 = 0
2,2,1 = 1
2,2,2 = 1
2,2,3 = 1
2,2,4 = 1
2,3,1 = 1
2,3,2 = 1
2,3,3 = 1
2,3,4 = 0
2,4,1 = 1
2,4,2 = 1
2,4,3 = 1
2,4,4 = 0
2,5,1 = 0
2,5,2 = 0
2,5,3 = 0
2,5,4 = 0
2,6,1 = 0
2,6,2 = 0
2,6,3 = 0
2,6,4 = 0
2,7,1 = 0
2,7,2 = 0
2,7,3 = 0
2,7,4 = 0
3,1,1 = 1
3,1,2 = 1
3,1,3 = 1
3,1,4 = 0
3,2,1 = 1
3,2,2 = 1
3,2,3 = 0
3,2,4 = 1
3,3,1 = 1
3,3,2 = 1
3,3,3 = 1
3,3,4 = 0
3,4,1 = 1
3,4,2 = 1
3,4,3 = 1
3,4,4 = 0
3,5,1 = 1
3,5,2 = 1
3,5,3 = 1
3,5,4 = 0
3,6,1 = 0
3,6,2 = 0
3,6,3 = 0
3,6,4 = 0
3,7,1 = 0
3,7,2 = 0
3,7,3 = 0
3,7,4 = 0
4,1,1 = 1
4,1,2 = 1
4,1,3 = 1
4,1,4 = 0
4,2,1 = 1
4,2,2 = 1
4,2,3 = 1
4,2,4 = 1
4,3,1 = 1
4,3,2 = 1
4,3,3 = 1
4,3,4 = 0
4,4,1 = 1
4,4,2 = 1
4,4,3 = 1
4,4,4 = 0
4,5,1 = 1
4,5,2 = 1
4,5,3 = 1
4,5,4 = 0
4,6,1 = 0
4,6,2 = 0
4,6,3 = 0
4,6,4 = 0
4,7,1 = 0
4,7,2 = 0
4,7,3 = 0
4,7,4 = 0
5,1,1 = 1
5,1,2 = 1
5,1,3 = 1
5,1,4 = 0
5,2,1 = 1
5,2,2 = 1
5,2,3 = 0
5,2,4 = 1
5,3,1 = 1
5,3,2 = 1
5,3,3 = 1
5,3,4 = 0
5,4,1 = 1
5,4,2 = 1
5,4,3 = 1
5,4,4 = 0
5,5,1 = 1
5,5,2 = 1
5,5,3 = 1
5,5,4 = 0
5,6,1 = 0
5,6,2 = 0
5,6,3 = 0
5,6,4 = 0
5,7,1 = 0
5,7,2 = 0
5,7,3 = 0
5,7,4 = 0


lib
14
ilr
Barn
weekend
boss
standard_PL
standard_HB
no_freeday
avail:
1,1,1 = 1
1,1,2 = 1
1,1,3 = 1
1,1,4 = 0
1,2,1 = 1
1,2,2 = 1
1,2,3 = 1
1,2,4 = 0
1,3,1 = 0
1,3,2 = 0
1,3,3 = 1
1,3,4 = 0
1,4,1 = 0
1,4,2 = 0
1,4,3 = 1
1,4,4 = 0
1,5,1 = 1
1,5,2 = 1
1,5,3 = 1
1,5,4 = 1
1,6,1 = 1
1,6,2 = 0
1,6,3 = 0
1,6,4 = 0
1,7,1 = 1
1,7,2 = 0
1,7,3 = 0
1,7,4 = 0
2,1,1 = 0
2,1,2 = 0
2,1,3 = 0
2,1,4 = 0
2,2,1 = 1
2,2,2 = 1
2,2,3 = 1
2,2,4 = 0
2,3,1 = 0
2,3,2 = 0
2,3,3 = 1
2,3,4 = 0
2,4,1 = 0
2,4,2 = 0
2,4,3 = 1
2,4,4 = 0
2,5,1 = 0
2,5,2 = 0
2,5,3 = 0
2,5,4 = 0
2,6,1 = 0
2,6,2 = 0
2,6,3 = 0
2,6,4 = 0
2,7,1 = 0
2,7,2 = 0
2,7,3 = 0
2,7,4 = 0
3,1,1 = 1
3,1,2 = 1
3,1,3 = 1
3,1,4 = 0
3,2,1 = 1
3,2,2 = 1
3,2,3 = 1
3,2,4 = 0
3,3,1 = 0
3,3,2 = 0
3,3,3 = 1
3,3,4 = 0
3,4,1 = 0
3,4,2 = 0
3,4,3 = 1
3,4,4 = 0
3,5,1 = 1
3,5,2 = 1
3,5,3 = 1
3,5,4 = 0
3,6,1 = 0
3,6,2 = 0
3,6,3 = 0
3,6,4 = 0
3,7,1 = 0
3,7,2 = 0
3,7,3 = 0
3,7,4 = 0
4,1,1 = 1
4,1,2 = 1
4,1,3 = 1
4,1,4 = 0
4,2,1 = 1
4,2,2 = 1
4,2,3 = 1
4,2,4 = 0
4,3,1 = 0
4,3,2 = 0
4,3,3 = 1
4,3,4 = 0
4,4,1 = 0
4,4,2 = 0
4,4,3 = 1
4,4,4 = 0
4,5,1 = 1
4,5,2 = 1
4,5,3 = 1
4,5,4 = 0
4,6,1 = 0
4,6,2 = 0
4,6,3 = 0
4,6,4 = 0
4,7,1 = 0
4,7,2 = 0
4,7,3 = 0
4,7,4 = 0
5,1,1 = 1
5,1,2 = 1
5,1,3 = 1
5,1,4 = 0
5,2,1 = 1
5,2,2 = 1
5,2,3 = 1
5,2,4 = 0
5,3,1 = 0
5,3,2 = 0
5,3,3 = 1
5,3,4 = 0
5,4,1 = 0
5,4,2 = 0
5,4,3 = 1
5,4,4 = 0
5,5,1 = 1
5,5,2 = 1
5,5,3 = 1
5,5,4 = 0
5,6,1 = 0
5,6,2 = 0
5,6,3 = 0
5,6,4 = 0
5,7,1 = 0
5,7,2 = 0
5,7,3 = 0
5,7,4 = 0


lib
16
jm
Barn
weekend
not_boss
standard_PL
standard_HB
no_freeday
avail:
1,1,1 = 1
1,1,2 = 1
1,1,3 = 1
1,1,4 = 0
1,2,1 = 1
1,2,2 = 1
1,2,3 = 1
1,2,4 = 1
1,3,1 = 1
1,3,2 = 1
1,3,3 = 1
1,3,4 = 0
1,4,1 = 0
1,4,2 = 0
1,4,3 = 1
1,4,4 = 0
1,5,1 = 1
1,5,2 = 1
1,5,3 = 1
1,5,4 = 1
1,6,1 = 1
1,6,2 = 0
1,6,3 = 0
1,6,4 = 0
1,7,1 = 1
1,7,2 = 0
1,7,3 = 0
1,7,4 = 0
2,1,1 = 1
2,1,2 = 1
2,1,3 = 1
2,1,4 = 0
2,2,1 = 1
2,2,2 = 1
2,2,3 = 1
2,2,4 = 1
2,3,1 = 1
2,3,2 = 1
2,3,3 = 1
2,3,4 = 0
2,4,1 = 0
2,4,2 = 0
2,4,3 = 0
2,4,4 = 0
2,5,1 = 0
2,5,2 = 0
2,5,3 = 0
2,5,4 = 0
2,6,1 = 0
2,6,2 = 0
2,6,3 = 0
2,6,4 = 0
2,7,1 = 0
2,7,2 = 0
2,7,3 = 0
2,7,4 = 0
3,1,1 = 1
3,1,2 = 1
3,1,3 = 1
3,1,4 = 0
3,2,1 = 1
3,2,2 = 1
3,2,3 = 1
3,2,4 = 1
3,3,1 = 1
3,3,2 = 1
3,3,3 = 1
3,3,4 = 0
3,4,1 = 0
3,4,2 = 0
3,4,3 = 1
3,4,4 = 0
3,5,1 = 1
3,5,2 = 1
3,5,3 = 1
3,5,4 = 0
3,6,1 = 0
3,6,2 = 0
3,6,3 = 0
3,6,4 = 0
3,7,1 = 0
3,7,2 = 0
3,7,3 = 0
3,7,4 = 0
4,1,1 = 1
4,1,2 = 1
4,1,3 = 1
4,1,4 = 0
4,2,1 = 1
4,2,2 = 1
4,2,3 = 1
4,2,4 = 1
4,3,1 = 1
4,3,2 = 1
4,3,3 = 1
4,3,4 = 0
4,4,1 = 0
4,4,2 = 0
4,4,3 = 1
4,4,4 = 0
4,5,1 = 1
4,5,2 = 1
4,5,3 = 1
4,5,4 = 0
4,6,1 = 0
4,6,2 = 0
4,6,3 = 0
4,6,4 = 0
4,7,1 = 0
4,7,2 = 0
4,7,3 = 0
4,7,4 = 0
5,1,1 = 1
5,1,2 = 1
5,1,3 = 1
5,1,4 = 0
5,2,1 = 1
5,2,2 = 1
5,2,3 = 1
5,2,4 = 1
5,3,1 = 1
5,3,2 = 1
5,3,3 = 1
5,3,4 = 0
5,4,1 = 0
5,4,2 = 0
5,4,3 = 1
5,4,4 = 0
5,5,1 = 1
5,5,2 = 1
5,5,3 = 1
5,5,4 = 0
5,6,1 = 0
5,6,2 = 0
5,6,3 = 0
5,6,4 = 0
5,7,1 = 0
5,7,2 = 0
5,7,3 = 0
5,7,4 = 0


lib
17
jw
Vuxen
weekend
not_boss
standard_PL
standard_HB
no_freeday
avail:
1,1,1 = 1
1,1,2 = 1
1,1,3 = 0
1,1,4 = 0
1,2,1 = 1
1,2,2 = 1
1,2,3 = 0
1,2,4 = 0
1,3,1 = 0
1,3,2 = 1
1,3,3 = 1
1,3,4 = 0
1,4,1 = 1
1,4,2 = 1
1,4,3 = 1
1,4,4 = 0
1,5,1 = 0
1,5,2 = 1
1,5,3 = 0
1,5,4 = 1
1,6,1 = 1
1,6,2 = 0
1,6,3 = 0
1,6,4 = 0
1,7,1 = 1
1,7,2 = 0
1,7,3 = 0
1,7,4 = 0
2,1,1 = 1
2,1,2 = 1
2,1,3 = 1
2,1,4 = 0
2,2,1 = 1
2,2,2 = 1
2,2,3 = 1
2,2,4 = 0
2,3,1 = 0
2,3,2 = 1
2,3,3 = 1
2,3,4 = 0
2,4,1 = 1
2,4,2 = 1
2,4,3 = 0
2,4,4 = 0
2,5,1 = 0
2,5,2 = 0
2,5,3 = 0
2,5,4 = 0
2,6,1 = 0
2,6,2 = 0
2,6,3 = 0
2,6,4 = 0
2,7,1 = 0
2,7,2 = 0
2,7,3 = 0
2,7,4 = 0
3,1,1 = 1
3,1,2 = 1
3,1,3 = 0
3,1,4 = 0
3,2,1 = 1
3,2,2 = 1
3,2,3 = 0
3,2,4 = 0
3,3,1 = 0
3,3,2 = 1
3,3,3 = 1
3,3,4 = 0
3,4,1 = 1
3,4,2 = 1
3,4,3 = 1
3,4,4 = 0
3,5,1 = 0
3,5,2 = 1
3,5,3 = 0
3,5,4 = 0
3,6,1 = 0
3,6,2 = 0
3,6,3 = 0
3,6,4 = 0
3,7,1 = 0
3,7,2 = 0
3,7,3 = 0
3,7,4 = 0
4,1,1 = 1
4,1,2 = 1
4,1,3 = 1
4,1,4 = 0
4,2,1 = 1
4,2,2 = 1
4,2,3 = 1
4,2,4 = 0
4,3,1 = 0
4,3,2 = 1
4,3,3 = 1
4,3,4 = 0
4,4,1 = 1
4,4,2 = 1
4,4,3 = 1
4,4,4 = 0
4,5,1 = 0
4,5,2 = 1
4,5,3 = 0
4,5,4 = 0
4,6,1 = 0
4,6,2 = 0
4,6,3 = 0
4,6,4 = 0
4,7,1 = 0
4,7,2 = 0
4,7,3 = 0
4,7,4 = 0
5,1,1 = 1
5,1,2 = 1
5,1,3 = 0
5,1,4 = 0
5,2,1 = 1
5,2,2 = 1
5,2,3 = 0
5,2,4 = 0
5,3,1 = 0
5,3,2 = 1
5,3,3 = 1
5,3,4 = 0
5,4,1 = 1
5,4,2 = 1
5,4,3 = 1
5,4,4 = 0
5,5,1 = 0
5,5,2 = 1
5,5,3 = 0
5,5,4 = 0
5,6,1 = 0
5,6,2 = 0
5,6,3 = 0
5,6,4 = 0
5,7,1 = 0
5,7,2 = 0
5,7,3 = 0
5,7,4 = 0


lib
19
kn
Barn
weekend
not_boss
standard_PL
standard_HB
no_freeday
avail:
1,1,1 = 1
1,1,2 = 1
1,1,3 = 1
1,1,4 = 0
1,2,1 = 0
1,2,2 = 0
1,2,3 = 1
1,2,4 = 0
1,3,1 = 1
1,3,2 = 1
1,3,3 = 1
1,3,4 = 0
1,4,1 = 1
1,4,2 = 1
1,4,3 = 1
1,4,4 = 1
1,5,1 = 1
1,5,2 = 1
1,5,3 = 1
1,5,4 = 1
1,6,1 = 1
1,6,2 = 0
1,6,3 = 0
1,6,4 = 0
1,7,1 = 1
1,7,2 = 0
1,7,3 = 0
1,7,4 = 0
2,1,1 = 1
2,1,2 = 1
2,1,3 = 1
2,1,4 = 0
2,2,1 = 0
2,2,2 = 0
2,2,3 = 1
2,2,4 = 0
2,3,1 = 1
2,3,2 = 1
2,3,3 = 1
2,3,4 = 0
2,4,1 = 0
2,4,2 = 0
2,4,3 = 0
2,4,4 = 0
2,5,1 = 0
2,5,2 = 0
2,5,3 = 0
2,5,4 = 0
2,6,1 = 0
2,6,2 = 0
2,6,3 = 0
2,6,4 = 0
2,7,1 = 0
2,7,2 = 0
2,7,3 = 0
2,7,4 = 0
3,1,1 = 1
3,1,2 = 1
3,1,3 = 1
3,1,4 = 0
3,2,1 = 0
3,2,2 = 0
3,2,3 = 1
3,2,4 = 0
3,3,1 = 1
3,3,2 = 1
3,3,3 = 1
3,3,4 = 0
3,4,1 = 1
3,4,2 = 1
3,4,3 = 1
3,4,4 = 1
3,5,1 = 1
3,5,2 = 1
3,5,3 = 1
3,5,4 = 0
3,6,1 = 0
3,6,2 = 0
3,6,3 = 0
3,6,4 = 0
3,7,1 = 0
3,7,2 = 0
3,7,3 = 0
3,7,4 = 0
4,1,1 = 1
4,1,2 = 1
4,1,3 = 1
4,1,4 = 0
4,2,1 = 0
4,2,2 = 0
4,2,3 = 1
4,2,4 = 0
4,3,1 = 1
4,3,2 = 1
4,3,3 = 1
4,3,4 = 0
4,4,1 = 1
4,4,2 = 1
4,4,3 = 1
4,4,4 = 1
4,5,1 = 1
4,5,2 = 1
4,5,3 = 1
4,5,4 = 0
4,6,1 = 0
4,6,2 = 0
4,6,3 = 0
4,6,4 = 0
4,7,1 = 0
4,7,2 = 0
4,7,3 = 0
4,7,4 = 0
5,1,1 = 1
5,1,2 = 1
5,1,3 = 1
5,1,4 = 0
5,2,1 = 0
5,2,2 = 0
5,2,3 = 1
5,2,4 = 0
5,3,1 = 1
5,3,2 = 1
5,3,3 = 1
5,3,4 = 0
5,4,1 = 1
5,4,2 = 1
5,4,3 = 1
5,4,4 = 1
5,5,1 = 1
5,5,2 = 1
5,5,3 = 1
5,5,4 = 0
5,6,1 = 0
5,6,2 = 0
5,6,3 = 0
5,6,4 = 0
5,7,1 = 0
5,7,2 = 0
5,7,3 = 0
5,7,4 = 0


lib
21
kd
Barn
no_weekend
not_boss
no_PL
standard_HB
no_freeday
avail:
1,1,1 = 1
1,1,2 = 1
1,1,3 = 0
1,1,4 = 0
1,2,1 = 1
1,2,2 = 1
1,2,3 = 0
1,2,4 = 0
1,3,1 = 1
1,3,2 = 1
1,3,3 = 1
1,3,4 = 0
1,4,1 = 0
1,4,2 = 1
1,4,3 = 1
1,4,4 = 1
1,5,1 = 0
1,5,2 = 0
1,5,3 = 1
1,5,4 = 0
1,6,1 = 0
1,6,2 = 0
1,6,3 = 0
1,6,4 = 0
1,7,1 = 0
1,7,2 = 0
1,7,3 = 0
1,7,4 = 0
2,1,1 = 1
2,1,2 = 1
2,1,3 = 0
2,1,4 = 0
2,2,1 = 1
2,2,2 = 1
2,2,3 = 0
2,2,4 = 0
2,3,1 = 1
2,3,2 = 1
2,3,3 = 1
2,3,4 = 0
2,4,1 = 0
2,4,2 = 1
2,4,3 = 1
2,4,4 = 1
2,5,1 = 0
2,5,2 = 0
2,5,3 = 1
2,5,4 = 0
2,6,1 = 0
2,6,2 = 0
2,6,3 = 0
2,6,4 = 0
2,7,1 = 0
2,7,2 = 0
2,7,3 = 0
2,7,4 = 0
3,1,1 = 1
3,1,2 = 1
3,1,3 = 0
3,1,4 = 0
3,2,1 = 1
3,2,2 = 1
3,2,3 = 0
3,2,4 = 0
3,3,1 = 1
3,3,2 = 1
3,3,3 = 1
3,3,4 = 0
3,4,1 = 0
3,4,2 = 1
3,4,3 = 1
3,4,4 = 1
3,5,1 = 0
3,5,2 = 0
3,5,3 = 1
3,5,4 = 0
3,6,1 = 0
3,6,2 = 0
3,6,3 = 0
3,6,4 = 0
3,7,1 = 0
3,7,2 = 0
3,7,3 = 0
3,7,4 = 0
4,1,1 = 1
4,1,2 = 1
4,1,3 = 0
4,1,4 = 0
4,2,1 = 1
4,2,2 = 1
4,2,3 = 0
4,2,4 = 0
4,3,1 = 1
4,3,2 = 1
4,3,3 = 1
4,3,4 = 0
4,4,1 = 0
4,4,2 = 1
4,4,3 = 1
4,4,4 = 1
4,5,1 = 0
4,5,2 = 0
4,5,3 = 1
4,5,4 = 0
4,6,1 = 0
4,6,2 = 0
4,6,3 = 0
4,6,4 = 0
4,7,1 = 0
4,7,2 = 0
4,7,3 = 0
4,7,4 = 0
5,1,1 = 1
5,1,2 = 1
5,1,3 = 0
5,1,4 = 0
5,2,1 = 1
5,2,2 = 1
5,2,3 = 0
5,2,4 = 0
5,3,1 = 1
5,3,2 = 1
5,3,3 = 1
5,3,4 = 0
5,4,1 = 0
5,4,2 = 1
5,4,3 = 1
5,4,4 = 1
5,5,1 = 0
5,5,2 = 0
5,5,3 = 1
5,5,4 = 0
5,6,1 = 0
5,6,2 = 0
5,6,3 = 0
5,6,4 = 0
5,7,1 = 0
5,7,2 = 0
5,7,3 = 0
5,7,4 = 0


lib
23
le
Ingen
weekend
boss
no_PL
only_HB
no_freeday
avail:
1,1,1 = 0
1,1,2 = 0
1,1,3 = 0
1,1,4 = 0
1,2,1 = 0
1,2,2 = 0
1,2,3 = 0
1,2,4 = 0
1,3,1 = 0
1,3,2 = 0
1,3,3 = 0
1,3,4 = 1
1,4,1 = 0
1,4,2 = 0
1,4,3 = 0
1,4,4 = 0
1,5,1 = 0
1,5,2 = 0
1,5,3 = 0
1,5,4 = 1
1,6,1 = 1
1,6,2 = 0
1,6,3 = 0
1,6,4 = 0
1,7,1 = 1
1,7,2 = 0
1,7,3 = 0
1,7,4 = 0
2,1,1 = 0
2,1,2 = 0
2,1,3 = 0
2,1,4 = 0
2,2,1 = 0
2,2,2 = 0
2,2,3 = 0
2,2,4 = 0
2,3,1 = 0
2,3,2 = 0
2,3,3 = 0
2,3,4 = 1
2,4,1 = 0
2,4,2 = 0
2,4,3 = 0
2,4,4 = 0
2,5,1 = 0
2,5,2 = 0
2,5,3 = 0
2,5,4 = 0
2,6,1 = 0
2,6,2 = 0
2,6,3 = 0
2,6,4 = 0
2,7,1 = 0
2,7,2 = 0
2,7,3 = 0
2,7,4 = 0
3,1,1 = 0
3,1,2 = 0
3,1,3 = 0
3,1,4 = 0
3,2,1 = 0
3,2,2 = 0
3,2,3 = 0
3,2,4 = 0
3,3,1 = 0
3,3,2 = 0
3,3,3 = 0
3,3,4 = 1
3,4,1 = 0
3,4,2 = 0
3,4,3 = 0
3,4,4 = 0
3,5,1 = 0
3,5,2 = 0
3,5,3 = 0
3,5,4 = 0
3,6,1 = 0
3,6,2 = 0
3,6,3 = 0
3,6,4 = 0
3,7,1 = 0
3,7,2 = 0
3,7,3 = 0
3,7,4 = 0
4,1,1 = 0
4,1,2 = 0
4,1,3 = 0
4,1,4 = 0
4,2,1 = 0
4,2,2 = 0
4,2,3 = 0
4,2,4 = 0
4,3,1 = 0
4,3,2 = 0
4,3,3 = 0
4,3,4 = 1
4,4,1 = 0
4,4,2 = 0
4,4,3 = 0
4,4,4 = 0
4,5,1 = 0
4,5,2 = 0
4,5,3 = 0
4,5,4 = 0
4,6,1 = 0
4,6,2 = 0
4,6,3 = 0
4,6,4 = 0
4,7,1 = 0
4,7,2 = 0
4,7,3 = 0
4,7,4 = 0
5,1,1 = 0
5,1,2 = 0
5,1,3 = 0
5,1,4 = 0
5,2,1 = 0
5,2,2 = 0
5,2,3 = 0
5,2,4 = 0
5,3,1 = 0
5,3,2 = 0
5,3,3 = 0
5,3,4 = 1
5,4,1 = 0
5,4,2 = 0
5,4,3 = 0
5,4,4 = 0
5,5,1 = 0
5,5,2 = 0
5,5,3 = 0
5,5,4 = 0
5,6,1 = 0
5,6,2 = 0
5,6,3 = 0
5,6,4 = 0
5,7,1 = 0
5,7,2 = 0
5,7,3 = 0
5,7,4 = 0


lib
24
loe
Vuxen
weekend
not_boss
standard_PL
no_HB
no_freeday
avail:
1,1,1 = 1
1,1,2 = 1
1,1,3 = 1
1,1,4 = 0
1,2,1 = 0
1,2,2 = 0
1,2,3 = 0
1,2,4 = 0
1,3,1 = 0
1,3,2 = 0
1,3,3 = 0
1,3,4 = 0
1,4,1 = 0
1,4,2 = 0
1,4,3 = 1
1,4,4 = 0
1,5,1 = 1
1,5,2 = 1
1,5,3 = 1
1,5,4 = 1
1,6,1 = 1
1,6,2 = 0
1,6,3 = 0
1,6,4 = 0
1,7,1 = 1
1,7,2 = 0
1,7,3 = 0
1,7,4 = 0
2,1,1 = 1
2,1,2 = 1
2,1,3 = 1
2,1,4 = 0
2,2,1 = 0
2,2,2 = 0
2,2,3 = 0
2,2,4 = 0
2,3,1 = 0
2,3,2 = 0
2,3,3 = 0
2,3,4 = 0
2,4,1 = 0
2,4,2 = 0
2,4,3 = 0
2,4,4 = 0
2,5,1 = 0
2,5,2 = 0
2,5,3 = 0
2,5,4 = 0
2,6,1 = 0
2,6,2 = 0
2,6,3 = 0
2,6,4 = 0
2,7,1 = 0
2,7,2 = 0
2,7,3 = 0
2,7,4 = 0
3,1,1 = 1
3,1,2 = 1
3,1,3 = 1
3,1,4 = 0
3,2,1 = 0
3,2,2 = 0
3,2,3 = 0
3,2,4 = 0
3,3,1 = 0
3,3,2 = 0
3,3,3 = 0
3,3,4 = 0
3,4,1 = 0
3,4,2 = 0
3,4,3 = 1
3,4,4 = 0
3,5,1 = 1
3,5,2 = 1
3,5,3 = 1
3,5,4 = 0
3,6,1 = 0
3,6,2 = 0
3,6,3 = 0
3,6,4 = 0
3,7,1 = 0
3,7,2 = 0
3,7,3 = 0
3,7,4 = 0
4,1,1 = 1
4,1,2 = 1
4,1,3 = 1
4,1,4 = 0
4,2,1 = 0
4,2,2 = 0
4,2,3 = 0
4,2,4 = 0
4,3,1 = 0
4,3,2 = 0
4,3,3 = 0
4,3,4 = 0
4,4,1 = 0
4,4,2 = 0
4,4,3 = 1
4,4,4 = 0
4,5,1 = 1
4,5,2 = 1
4,5,3 = 1
4,5,4 = 0
4,6,1 = 0
4,6,2 = 0
4,6,3 = 0
4,6,4 = 0
4,7,1 = 0
4,7,2 = 0
4,7,3 = 0
4,7,4 = 0
5,1,1 = 1
5,1,2 = 1
5,1,3 = 1
5,1,4 = 0
5,2,1 = 0
5,2,2 = 0
5,2,3 = 0
5,2,4 = 0
5,3,1 = 0
5,3,2 = 0
5,3,3 = 0
5,3,4 = 0
5,4,1 = 0
5,4,2 = 0
5,4,3 = 1
5,4,4 = 0
5,5,1 = 1
5,5,2 = 1
5,5,3 = 1
5,5,4 = 0
5,6,1 = 0
5,6,2 = 0
5,6,3 = 0
5,6,4 = 0
5,7,1 = 0
5,7,2 = 0
5,7,3 = 0
5,7,4 = 0


lib
25
mgu
Barn
weekend
not_boss
standard_PL
standard_HB
freeday
avail:
1,1,1 = 0
1,1,2 = 1
1,1,3 = 1
1,1,4 = 0
1,2,1 = 1
1,2,2 = 1
1,2,3 = 1
1,2,4 = 0
1,3,1 = 1
1,3,2 = 1
1,3,3 = 1
1,3,4 = 0
1,4,1 = 1
1,4,2 = 1
1,4,3 = 1
1,4,4 = 0
1,5,1 = 1
1,5,2 = 1
1,5,3 = 1
1,5,4 = 1
1,6,1 = 1
1,6,2 = 0
1,6,3 = 0
1,6,4 = 0
1,7,1 = 1
1,7,2 = 0
1,7,3 = 0
1,7,4 = 0
2,1,1 = 0
2,1,2 = 1
2,1,3 = 1
2,1,4 = 0
2,2,1 = 1
2,2,2 = 1
2,2,3 = 1
2,2,4 = 0
2,3,1 = 1
2,3,2 = 1
2,3,3 = 1
2,3,4 = 0
2,4,1 = 1
2,4,2 = 1
2,4,3 = 0
2,4,4 = 0
2,5,1 = 0
2,5,2 = 0
2,5,3 = 0
2,5,4 = 0
2,6,1 = 0
2,6,2 = 0
2,6,3 = 0
2,6,4 = 0
2,7,1 = 0
2,7,2 = 0
2,7,3 = 0
2,7,4 = 0
3,1,1 = 0
3,1,2 = 1
3,1,3 = 1
3,1,4 = 0
3,2,1 = 1
3,2,2 = 1
3,2,3 = 1
3,2,4 = 0
3,3,1 = 1
3,3,2 = 1
3,3,3 = 1
3,3,4 = 0
3,4,1 = 1
3,4,2 = 1
3,4,3 = 1
3,4,4 = 0
3,5,1 = 1
3,5,2 = 1
3,5,3 = 1
3,5,4 = 0
3,6,1 = 0
3,6,2 = 0
3,6,3 = 0
3,6,4 = 0
3,7,1 = 0
3,7,2 = 0
3,7,3 = 0
3,7,4 = 0
4,1,1 = 0
4,1,2 = 1
4,1,3 = 1
4,1,4 = 0
4,2,1 = 1
4,2,2 = 1
4,2,3 = 1
4,2,4 = 0
4,3,1 = 1
4,3,2 = 1
4,3,3 = 1
4,3,4 = 0
4,4,1 = 1
4,4,2 = 1
4,4,3 = 1
4,4,4 = 0
4,5,1 = 1
4,5,2 = 1
4,5,3 = 1
4,5,4 = 0
4,6,1 = 0
4,6,2 = 0
4,6,3 = 0
4,6,4 = 0
4,7,1 = 0
4,7,2 = 0
4,7,3 = 0
4,7,4 = 0
5,1,1 = 0
5,1,2 = 1
5,1,3 = 1
5,1,4 = 0
5,2,1 = 1
5,2,2 = 1
5,2,3 = 1
5,2,4 = 0
5,3,1 = 1
5,3,2 = 1
5,3,3 = 1
5,3,4 = 0
5,4,1 = 1
5,4,2 = 1
5,4,3 = 1
5,4,4 = 0
5,5,1 = 1
5,5,2 = 1
5,5,3 = 1
5,5,4 = 0
5,6,1 = 0
5,6,2 = 0
5,6,3 = 0
5,6,4 = 0
5,7,1 = 0
5,7,2 = 0
5,7,3 = 0
5,7,4 = 0


lib
27
mhj
Media
weekend
not_boss
standard_PL
standard_HB
no_freeday
avail:
1,1,1 = 0
1,1,2 = 0
1,1,3 = 0
1,1,4 = 0
1,2,1 = 1
1,2,2 = 1
1,2,3 = 1
1,2,4 = 0
1,3,1 = 1
1,3,2 = 1
1,3,3 = 1
1,3,4 = 0
1,4,1 = 1
1,4,2 = 1
1,4,3 = 1
1,4,4 = 0
1,5,1 = 1
1,5,2 = 1
1,5,3 = 1
1,5,4 = 1
1,6,1 = 1
1,6,2 = 0
1,6,3 = 0
1,6,4 = 0
1,7,1 = 1
1,7,2 = 0
1,7,3 = 0
1,7,4 = 0
2,1,1 = 0
2,1,2 = 0
2,1,3 = 0
2,1,4 = 0
2,2,1 = 1
2,2,2 = 1
2,2,3 = 1
2,2,4 = 0
2,3,1 = 1
2,3,2 = 1
2,3,3 = 1
2,3,4 = 0
2,4,1 = 1
2,4,2 = 1
2,4,3 = 1
2,4,4 = 0
2,5,1 = 0
2,5,2 = 0
2,5,3 = 0
2,5,4 = 0
2,6,1 = 0
2,6,2 = 0
2,6,3 = 0
2,6,4 = 0
2,7,1 = 0
2,7,2 = 0
2,7,3 = 0
2,7,4 = 0
3,1,1 = 0
3,1,2 = 0
3,1,3 = 0
3,1,4 = 0
3,2,1 = 1
3,2,2 = 1
3,2,3 = 1
3,2,4 = 0
3,3,1 = 1
3,3,2 = 1
3,3,3 = 1
3,3,4 = 0
3,4,1 = 1
3,4,2 = 1
3,4,3 = 1
3,4,4 = 0
3,5,1 = 1
3,5,2 = 1
3,5,3 = 1
3,5,4 = 0
3,6,1 = 0
3,6,2 = 0
3,6,3 = 0
3,6,4 = 0
3,7,1 = 0
3,7,2 = 0
3,7,3 = 0
3,7,4 = 0
4,1,1 = 0
4,1,2 = 0
4,1,3 = 0
4,1,4 = 0
4,2,1 = 1
4,2,2 = 1
4,2,3 = 1
4,2,4 = 0
4,3,1 = 1
4,3,2 = 1
4,3,3 = 1
4,3,4 = 0
4,4,1 = 1
4,4,2 = 1
4,4,3 = 1
4,4,4 = 0
4,5,1 = 1
4,5,2 = 1
4,5,3 = 1
4,5,4 = 0
4,6,1 = 0
4,6,2 = 0
4,6,3 = 0
4,6,4 = 0
4,7,1 = 0
4,7,2 = 0
4,7,3 = 0
4,7,4 = 0
5,1,1 = 0
5,1,2 = 0
5,1,3 = 0
5,1,4 = 0
5,2,1 = 1
5,2,2 = 1
5,2,3 = 1
5,2,4 = 0
5,3,1 = 1
5,3,2 = 1
5,3,3 = 1
5,3,4 = 0
5,4,1 = 1
5,4,2 = 1
5,4,3 = 1
5,4,4 = 0
5,5,1 = 1
5,5,2 = 1
5,5,3 = 1
5,5,4 = 0
5,6,1 = 0
5,6,2 = 0
5,6,3 = 0
5,6,4 = 0
5,7,1 = 0
5,7,2 = 0
5,7,3 = 0
5,7,4 = 0


lib
31
og
Vuxen
weekend
boss
standard_PL
standard_HB
no_freeday
avail:
1,1,1 = 1
1,1,2 = 1
1,1,3 = 1
1,1,4 = 1
1,2,1 = 1
1,2,2 = 1
1,2,3 = 1
1,2,4 = 0
1,3,1 = 1
1,3,2 = 1
1,3,3 = 1
1,3,4 = 0
1,4,1 = 0
1,4,2 = 0
1,4,3 = 1
1,4,4 = 0
1,5,1 = 1
1,5,2 = 1
1,5,3 = 1
1,5,4 = 1
1,6,1 = 1
1,6,2 = 0
1,6,3 = 0
1,6,4 = 0
1,7,1 = 1
1,7,2 = 0
1,7,3 = 0
1,7,4 = 0
2,1,1 = 1
2,1,2 = 1
2,1,3 = 1
2,1,4 = 1
2,2,1 = 1
2,2,2 = 1
2,2,3 = 1
2,2,4 = 0
2,3,1 = 1
2,3,2 = 1
2,3,3 = 1
2,3,4 = 0
2,4,1 = 0
2,4,2 = 0
2,4,3 = 0
2,4,4 = 0
2,5,1 = 0
2,5,2 = 0
2,5,3 = 0
2,5,4 = 0
2,6,1 = 0
2,6,2 = 0
2,6,3 = 0
2,6,4 = 0
2,7,1 = 0
2,7,2 = 0
2,7,3 = 0
2,7,4 = 0
3,1,1 = 1
3,1,2 = 1
3,1,3 = 1
3,1,4 = 1
3,2,1 = 1
3,2,2 = 1
3,2,3 = 1
3,2,4 = 0
3,3,1 = 1
3,3,2 = 1
3,3,3 = 1
3,3,4 = 0
3,4,1 = 0
3,4,2 = 0
3,4,3 = 1
3,4,4 = 0
3,5,1 = 1
3,5,2 = 1
3,5,3 = 1
3,5,4 = 0
3,6,1 = 0
3,6,2 = 0
3,6,3 = 0
3,6,4 = 0
3,7,1 = 0
3,7,2 = 0
3,7,3 = 0
3,7,4 = 0
4,1,1 = 1
4,1,2 = 1
4,1,3 = 1
4,1,4 = 1
4,2,1 = 1
4,2,2 = 1
4,2,3 = 1
4,2,4 = 0
4,3,1 = 1
4,3,2 = 1
4,3,3 = 1
4,3,4 = 0
4,4,1 = 0
4,4,2 = 0
4,4,3 = 1
4,4,4 = 0
4,5,1 = 1
4,5,2 = 1
4,5,3 = 1
4,5,4 = 0
4,6,1 = 0
4,6,2 = 0
4,6,3 = 0
4,6,4 = 0
4,7,1 = 0
4,7,2 = 0
4,7,3 = 0
4,7,4 = 0
5,1,1 = 1
5,1,2 = 1
5,1,3 = 1
5,1,4 = 1
5,2,1 = 1
5,2,2 = 1
5,2,3 = 1
5,2,4 = 0
5,3,1 = 1
5,3,2 = 1
5,3,3 = 1
5,3,4 = 0
5,4,1 = 0
5,4,2 = 0
5,4,3 = 1
5,4,4 = 0
5,5,1 = 1
5,5,2 = 1
5,5,3 = 1
5,5,4 = 0
5,6,1 = 0
5,6,2 = 0
5,6,3 = 0
5,6,4 = 0
5,7,1 = 0
5,7,2 = 0
5,7,3 = 0
5,7,4 = 0


lib
32
sl
Vuxen
weekend
not_boss
standard_PL
standard_HB
no_freeday
avail:
1,1,1 = 1
1,1,2 = 1
1,1,3 = 1
1,1,4 = 1
1,2,1 = 0
1,2,2 = 0
1,2,3 = 0
1,2,4 = 0
1,3,1 = 1
1,3,2 = 1
1,3,3 = 1
1,3,4 = 0
1,4,1 = 1
1,4,2 = 1
1,4,3 = 1
1,4,4 = 0
1,5,1 = 0
1,5,2 = 0
1,5,3 = 0
1,5,4 = 1
1,6,1 = 1
1,6,2 = 0
1,6,3 = 0
1,6,4 = 0
1,7,1 = 1
1,7,2 = 0
1,7,3 = 0
1,7,4 = 0
2,1,1 = 1
2,1,2 = 1
2,1,3 = 1
2,1,4 = 1
2,2,1 = 0
2,2,2 = 0
2,2,3 = 0
2,2,4 = 0
2,3,1 = 1
2,3,2 = 1
2,3,3 = 1
2,3,4 = 0
2,4,1 = 0
2,4,2 = 0
2,4,3 = 0
2,4,4 = 0
2,5,1 = 0
2,5,2 = 0
2,5,3 = 0
2,5,4 = 0
2,6,1 = 0
2,6,2 = 0
2,6,3 = 0
2,6,4 = 0
2,7,1 = 0
2,7,2 = 0
2,7,3 = 0
2,7,4 = 0
3,1,1 = 1
3,1,2 = 1
3,1,3 = 1
3,1,4 = 1
3,2,1 = 1
3,2,2 = 1
3,2,3 = 1
3,2,4 = 0
3,3,1 = 1
3,3,2 = 1
3,3,3 = 1
3,3,4 = 0
3,4,1 = 1
3,4,2 = 1
3,4,3 = 1
3,4,4 = 0
3,5,1 = 1
3,5,2 = 1
3,5,3 = 1
3,5,4 = 0
3,6,1 = 0
3,6,2 = 0
3,6,3 = 0
3,6,4 = 0
3,7,1 = 0
3,7,2 = 0
3,7,3 = 0
3,7,4 = 0
4,1,1 = 1
4,1,2 = 1
4,1,3 = 1
4,1,4 = 1
4,2,1 = 0
4,2,2 = 0
4,2,3 = 0
4,2,4 = 0
4,3,1 = 1
4,3,2 = 1
4,3,3 = 1
4,3,4 = 0
4,4,1 = 1
4,4,2 = 1
4,4,3 = 1
4,4,4 = 0
4,5,1 = 0
4,5,2 = 0
4,5,3 = 0
4,5,4 = 0
4,6,1 = 0
4,6,2 = 0
4,6,3 = 0
4,6,4 = 0
4,7,1 = 0
4,7,2 = 0
4,7,3 = 0
4,7,4 = 0
5,1,1 = 1
5,1,2 = 1
5,1,3 = 1
5,1,4 = 1
5,2,1 = 0
5,2,2 = 0
5,2,3 = 0
5,2,4 = 0
5,3,1 = 1
5,3,2 = 1
5,3,3 = 1
5,3,4 = 0
5,4,1 = 1
5,4,2 = 1
5,4,3 = 1
5,4,4 = 0
5,5,1 = 0
5,5,2 = 0
5,5,3 = 0
5,5,4 = 0
5,6,1 = 0
5,6,2 = 0
5,6,3 = 0
5,6,4 = 0
5,7,1 = 0
5,7,2 = 0
5,7,3 = 0
5,7,4 = 0


lib
36
ta
Vuxen
weekend
not_boss
no_PL
standard_HB
no_freeday
avail:
1,1,1 = 0
1,1,2 = 1
1,1,3 = 1
1,1,4 = 0
1,2,1 = 0
1,2,2 = 0
1,2,3 = 0
1,2,4 = 0
1,3,1 = 0
1,3,2 = 0
1,3,3 = 0
1,3,4 = 0
1,4,1 = 0
1,4,2 = 0
1,4,3 = 0
1,4,4 = 0
1,5,1 = 0
1,5,2 = 0
1,5,3 = 0
1,5,4 = 1
1,6,1 = 1
1,6,2 = 0
1,6,3 = 0
1,6,4 = 0
1,7,1 = 1
1,7,2 = 0
1,7,3 = 0
1,7,4 = 0
2,1,1 = 0
2,1,2 = 1
2,1,3 = 1
2,1,4 = 0
2,2,1 = 0
2,2,2 = 0
2,2,3 = 0
2,2,4 = 0
2,3,1 = 0
2,3,2 = 0
2,3,3 = 0
2,3,4 = 0
2,4,1 = 0
2,4,2 = 0
2,4,3 = 0
2,4,4 = 0
2,5,1 = 0
2,5,2 = 0
2,5,3 = 0
2,5,4 = 0
2,6,1 = 0
2,6,2 = 0
2,6,3 = 0
2,6,4 = 0
2,7,1 = 0
2,7,2 = 0
2,7,3 = 0
2,7,4 = 0
3,1,1 = 0
3,1,2 = 1
3,1,3 = 1
3,1,4 = 0
3,2,1 = 0
3,2,2 = 0
3,2,3 = 0
3,2,4 = 0
3,3,1 = 0
3,3,2 = 0
3,3,3 = 0
3,3,4 = 0
3,4,1 = 0
3,4,2 = 0
3,4,3 = 0
3,4,4 = 0
3,5,1 = 0
3,5,2 = 1
3,5,3 = 1
3,5,4 = 0
3,6,1 = 0
3,6,2 = 0
3,6,3 = 0
3,6,4 = 0
3,7,1 = 0
3,7,2 = 0
3,7,3 = 0
3,7,4 = 0
4,1,1 = 0
4,1,2 = 1
4,1,3 = 1
4,1,4 = 0
4,2,1 = 0
4,2,2 = 0
4,2,3 = 0
4,2,4 = 0
4,3,1 = 0
4,3,2 = 0
4,3,3 = 0
4,3,4 = 0
4,4,1 = 0
4,4,2 = 0
4,4,3 = 0
4,4,4 = 0
4,5,1 = 0
4,5,2 = 1
4,5,3 = 1
4,5,4 = 0
4,6,1 = 0
4,6,2 = 0
4,6,3 = 0
4,6,4 = 0
4,7,1 = 0
4,7,2 = 0
4,7,3 = 0
4,7,4 = 0
5,1,1 = 0
5,1,2 = 1
5,1,3 = 1
5,1,4 = 0
5,2,1 = 0
5,2,2 = 0
5,2,3 = 0
5,2,4 = 0
5,3,1 = 0
5,3,2 = 0
5,3,3 = 0
5,3,4 = 0
5,4,1 = 0
5,4,2 = 0
5,4,3 = 0
5,4,4 = 0
5,5,1 = 0
5,5,2 = 1
5,5,3 = 1
5,5,4 = 0
5,6,1 = 0
5,6,2 = 0
5,6,3 = 0
5,6,4 = 0
5,7,1 = 0
5,7,2 = 0
5,7,3 = 0
5,7,4 = 0


lib
37
tj
Vuxen
weekend
not_boss
standard_PL
standard_HB
no_freeday
avail:
1,1,1 = 1
1,1,2 = 1
1,1,3 = 1
1,1,4 = 0
1,2,1 = 1
1,2,2 = 1
1,2,3 = 1
1,2,4 = 0
1,3,1 = 1
1,3,2 = 1
1,3,3 = 1
1,3,4 = 0
1,4,1 = 1
1,4,2 = 1
1,4,3 = 1
1,4,4 = 0
1,5,1 = 1
1,5,2 = 1
1,5,3 = 1
1,5,4 = 1
1,6,1 = 1
1,6,2 = 0
1,6,3 = 0
1,6,4 = 0
1,7,1 = 1
1,7,2 = 0
1,7,3 = 0
1,7,4 = 0
2,1,1 = 1
2,1,2 = 1
2,1,3 = 1
2,1,4 = 0
2,2,1 = 1
2,2,2 = 1
2,2,3 = 1
2,2,4 = 0
2,3,1 = 1
2,3,2 = 1
2,3,3 = 1
2,3,4 = 0
2,4,1 = 1
2,4,2 = 1
2,4,3 = 0
2,4,4 = 0
2,5,1 = 0
2,5,2 = 0
2,5,3 = 0
2,5,4 = 0
2,6,1 = 0
2,6,2 = 0
2,6,3 = 0
2,6,4 = 0
2,7,1 = 0
2,7,2 = 0
2,7,3 = 0
2,7,4 = 0
3,1,1 = 1
3,1,2 = 1
3,1,3 = 1
3,1,4 = 0
3,2,1 = 1
3,2,2 = 1
3,2,3 = 1
3,2,4 = 0
3,3,1 = 1
3,3,2 = 1
3,3,3 = 1
3,3,4 = 0
3,4,1 = 1
3,4,2 = 1
3,4,3 = 1
3,4,4 = 0
3,5,1 = 1
3,5,2 = 1
3,5,3 = 1
3,5,4 = 0
3,6,1 = 0
3,6,2 = 0
3,6,3 = 0
3,6,4 = 0
3,7,1 = 0
3,7,2 = 0
3,7,3 = 0
3,7,4 = 0
4,1,1 = 1
4,1,2 = 1
4,1,3 = 1
4,1,4 = 0
4,2,1 = 1
4,2,2 = 1
4,2,3 = 1
4,2,4 = 0
4,3,1 = 1
4,3,2 = 1
4,3,3 = 1
4,3,4 = 0
4,4,1 = 1
4,4,2 = 1
4,4,3 = 1
4,4,4 = 0
4,5,1 = 1
4,5,2 = 1
4,5,3 = 1
4,5,4 = 0
4,6,1 = 0
4,6,2 = 0
4,6,3 = 0
4,6,4 = 0
4,7,1 = 0
4,7,2 = 0
4,7,3 = 0
4,7,4 = 0
5,1,1 = 1
5,1,2 = 1
5,1,3 = 1
5,1,4 = 0
5,2,1 = 1
5,2,2 = 1
5,2,3 = 1
5,2,4 = 0
5,3,1 = 1
5,3,2 = 1
5,3,3 = 1
5,3,4 = 0
5,4,1 = 1
5,4,2 = 1
5,4,3 = 1
5,4,4 = 0
5,5,1 = 1
5,5,2 = 1
5,5,3 = 1
5,5,4 = 0
5,6,1 = 0
5,6,2 = 0
5,6,3 = 0
5,6,4 = 0
5,7,1 = 0
5,7,2 = 0
5,7,3 = 0
5,7,4 = 0


lib
38
bhj
Ingen
weekend
not_boss
no_PL
standard_HB
no_freeday
avail:
1,1,1 = 0
1,1,2 = 0
1,1,3 = 0
1,1,4 = 0
1,2,1 = 0
1,2,2 = 0
1,2,3 = 0
1,2,4 = 0
1,3,1 = 0
1,3,2 = 0
1,3,3 = 0
1,3,4 = 0
1,4,1 = 0
1,4,2 = 0
1,4,3 = 0
1,4,4 = 0
1,5,1 = 0
1,5,2 = 0
1,5,3 = 0
1,5,4 = 1
1,6,1 = 1
1,6,2 = 0
1,6,3 = 0
1,6,4 = 0
1,7,1 = 1
1,7,2 = 0
1,7,3 = 0
1,7,4 = 0
2,1,1 = 0
2,1,2 = 0
2,1,3 = 0
2,1,4 = 0
2,2,1 = 0
2,2,2 = 0
2,2,3 = 0
2,2,4 = 0
2,3,1 = 0
2,3,2 = 0
2,3,3 = 0
2,3,4 = 0
2,4,1 = 0
2,4,2 = 0
2,4,3 = 0
2,4,4 = 0
2,5,1 = 0
2,5,2 = 0
2,5,3 = 0
2,5,4 = 0
2,6,1 = 0
2,6,2 = 0
2,6,3 = 0
2,6,4 = 0
2,7,1 = 0
2,7,2 = 0
2,7,3 = 0
2,7,4 = 0
3,1,1 = 0
3,1,2 = 0
3,1,3 = 0
3,1,4 = 0
3,2,1 = 0
3,2,2 = 0
3,2,3 = 0
3,2,4 = 0
3,3,1 = 0
3,3,2 = 0
3,3,3 = 0
3,3,4 = 0
3,4,1 = 0
3,4,2 = 0
3,4,3 = 0
3,4,4 = 0
3,5,1 = 0
3,5,2 = 0
3,5,3 = 0
3,5,4 = 0
3,6,1 = 0
3,6,2 = 0
3,6,3 = 0
3,6,4 = 0
3,7,1 = 0
3,7,2 = 0
3,7,3 = 0
3,7,4 = 0
4,1,1 = 0
4,1,2 = 0
4,1,3 = 0
4,1,4 = 0
4,2,1 = 0
4,2,2 = 0
4,2,3 = 0
4,2,4 = 0
4,3,1 = 0
4,3,2 = 0
4,3,3 = 0
4,3,4 = 0
4,4,1 = 0
4,4,2 = 0
4,4,3 = 0
4,4,4 = 0
4,5,1 = 0
4,5,2 = 0
4,5,3 = 0
4,5,4 = 0
4,6,1 = 0
4,6,2 = 0
4,6,3 = 0
4,6,4 = 0
4,7,1 = 0
4,7,2 = 0
4,7,3 = 0
4,7,4 = 0
5,1,1 = 0
5,1,2 = 0
5,1,3 = 0
5,1,4 = 0
5,2,1 = 0
5,2,2 = 0
5,2,3 = 0
5,2,4 = 0
5,3,1 = 0
5,3,2 = 0
5,3,3 = 0
5,3,4 = 0
5,4,1 = 0
5,4,2 = 0
5,4,3 = 0
5,4,4 = 0
5,5,1 = 0
5,5,2 = 0
5,5,3 = 0
5,5,4 = 0
5,6,1 = 0
5,6,2 = 0
5,6,3 = 0
5,6,4 = 0
5,7,1 = 0
5,7,2 = 0
5,7,3 = 0
5,7,4 = 0


ass
1
an
Media
weekend
not_boss
standard_PL
standard_HB
no_freeday
avail:
1,1,1 = 1
1,1,2 = 1
1,1,3 = 1
1,1,4 = 0
1,2,1 = 1
1,2,2 = 1
1,2,3 = 1
1,2,4 = 0
1,3,1 = 1
1,3,2 = 1
1,3,3 = 1
1,3,4 = 1
1,4,1 = 1
1,4,2 = 1
1,4,3 = 1
1,4,4 = 0
1,5,1 = 1
1,5,2 = 1
1,5,3 = 1
1,5,4 = 1
1,6,1 = 1
1,6,2 = 0
1,6,3 = 0
1,6,4 = 0
1,7,1 = 1
1,7,2 = 0
1,7,3 = 0
1,7,4 = 0
2,1,1 = 0
2,1,2 = 0
2,1,3 = 0
2,1,4 = 0
2,2,1 = 1
2,2,2 = 1
2,2,3 = 1
2,2,4 = 0
2,3,1 = 1
2,3,2 = 1
2,3,3 = 1
2,3,4 = 1
2,4,1 = 1
2,4,2 = 1
2,4,3 = 1
2,4,4 = 0
2,5,1 = 1
2,5,2 = 1
2,5,3 = 0
2,5,4 = 0
2,6,1 = 0
2,6,2 = 0
2,6,3 = 0
2,6,4 = 0
2,7,1 = 0
2,7,2 = 0
2,7,3 = 0
2,7,4 = 0
3,1,1 = 1
3,1,2 = 1
3,1,3 = 1
3,1,4 = 0
3,2,1 = 1
3,2,2 = 1
3,2,3 = 1
3,2,4 = 0
3,3,1 = 1
3,3,2 = 1
3,3,3 = 1
3,3,4 = 1
3,4,1 = 1
3,4,2 = 1
3,4,3 = 1
3,4,4 = 0
3,5,1 = 1
3,5,2 = 1
3,5,3 = 1
3,5,4 = 0
3,6,1 = 0
3,6,2 = 0
3,6,3 = 0
3,6,4 = 0
3,7,1 = 0
3,7,2 = 0
3,7,3 = 0
3,7,4 = 0
4,1,1 = 1
4,1,2 = 1
4,1,3 = 1
4,1,4 = 0
4,2,1 = 1
4,2,2 = 1
4,2,3 = 1
4,2,4 = 0
4,3,1 = 1
4,3,2 = 1
4,3,3 = 1
4,3,4 = 1
4,4,1 = 1
4,4,2 = 1
4,4,3 = 1
4,4,4 = 0
4,5,1 = 1
4,5,2 = 1
4,5,3 = 1
4,5,4 = 0
4,6,1 = 0
4,6,2 = 0
4,6,3 = 0
4,6,4 = 0
4,7,1 = 0
4,7,2 = 0
4,7,3 = 0
4,7,4 = 0
5,1,1 = 1
5,1,2 = 1
5,1,3 = 1
5,1,4 = 0
5,2,1 = 1
5,2,2 = 1
5,2,3 = 1
5,2,4 = 0
5,3,1 = 1
5,3,2 = 1
5,3,3 = 1
5,3,4 = 1
5,4,1 = 1
5,4,2 = 1
5,4,3 = 1
5,4,4 = 0
5,5,1 = 1
5,5,2 = 1
5,5,3 = 1
5,5,4 = 0
5,6,1 = 0
5,6,2 = 0
5,6,3 = 0
5,6,4 = 0
5,7,1 = 0
5,7,2 = 0
5,7,3 = 0
5,7,4 = 0


ass
6
cj
Administration
weekend
not_boss
standard_PL
standard_HB
no_freeday
avail:
1,1,1 = 1
1,1,2 = 1
1,1,3 = 1
1,1,4 = 0
1,2,1 = 1
1,2,2 = 1
1,2,3 = 1
1,2,4 = 0
1,3,1 = 1
1,3,2 = 1
1,3,3 = 1
1,3,4 = 0
1,4,1 = 1
1,4,2 = 1
1,4,3 = 1
1,4,4 = 1
1,5,1 = 1
1,5,2 = 1
1,5,3 = 1
1,5,4 = 1
1,6,1 = 1
1,6,2 = 0
1,6,3 = 0
1,6,4 = 0
1,7,1 = 1
1,7,2 = 0
1,7,3 = 0
1,7,4 = 0
2,1,1 = 0
2,1,2 = 0
2,1,3 = 0
2,1,4 = 0
2,2,1 = 1
2,2,2 = 1
2,2,3 = 1
2,2,4 = 0
2,3,1 = 1
2,3,2 = 1
2,3,3 = 1
2,3,4 = 0
2,4,1 = 1
2,4,2 = 1
2,4,3 = 1
2,4,4 = 1
2,5,1 = 0
2,5,2 = 0
2,5,3 = 0
2,5,4 = 0
2,6,1 = 0
2,6,2 = 0
2,6,3 = 0
2,6,4 = 0
2,7,1 = 0
2,7,2 = 0
2,7,3 = 0
2,7,4 = 0
3,1,1 = 1
3,1,2 = 1
3,1,3 = 1
3,1,4 = 0
3,2,1 = 1
3,2,2 = 1
3,2,3 = 1
3,2,4 = 0
3,3,1 = 1
3,3,2 = 1
3,3,3 = 1
3,3,4 = 0
3,4,1 = 1
3,4,2 = 1
3,4,3 = 1
3,4,4 = 1
3,5,1 = 1
3,5,2 = 1
3,5,3 = 1
3,5,4 = 0
3,6,1 = 0
3,6,2 = 0
3,6,3 = 0
3,6,4 = 0
3,7,1 = 0
3,7,2 = 0
3,7,3 = 0
3,7,4 = 0
4,1,1 = 1
4,1,2 = 1
4,1,3 = 1
4,1,4 = 0
4,2,1 = 1
4,2,2 = 1
4,2,3 = 1
4,2,4 = 0
4,3,1 = 1
4,3,2 = 1
4,3,3 = 1
4,3,4 = 0
4,4,1 = 1
4,4,2 = 1
4,4,3 = 1
4,4,4 = 1
4,5,1 = 1
4,5,2 = 1
4,5,3 = 1
4,5,4 = 0
4,6,1 = 0
4,6,2 = 0
4,6,3 = 0
4,6,4 = 0
4,7,1 = 0
4,7,2 = 0
4,7,3 = 0
4,7,4 = 0
5,1,1 = 1
5,1,2 = 1
5,1,3 = 1
5,1,4 = 0
5,2,1 = 1
5,2,2 = 1
5,2,3 = 1
5,2,4 = 0
5,3,1 = 1
5,3,2 = 1
5,3,3 = 1
5,3,4 = 0
5,4,1 = 1
5,4,2 = 1
5,4,3 = 1
5,4,4 = 1
5,5,1 = 1
5,5,2 = 1
5,5,3 = 1
5,5,4 = 0
5,6,1 = 0
5,6,2 = 0
5,6,3 = 0
5,6,4 = 0
5,7,1 = 0
5,7,2 = 0
5,7,3 = 0
5,7,4 = 0


ass
10
ej
Barn
weekend
not_boss
standard_PL
standard_HB
no_freeday
avail:
1,1,1 = 1
1,1,2 = 1
1,1,3 = 1
1,1,4 = 0
1,2,1 = 1
1,2,2 = 1
1,2,3 = 1
1,2,4 = 0
1,3,1 = 1
1,3,2 = 1
1,3,3 = 1
1,3,4 = 0
1,4,1 = 1
1,4,2 = 1
1,4,3 = 1
1,4,4 = 1
1,5,1 = 1
1,5,2 = 1
1,5,3 = 1
1,5,4 = 1
1,6,1 = 1
1,6,2 = 0
1,6,3 = 0
1,6,4 = 0
1,7,1 = 1
1,7,2 = 0
1,7,3 = 0
1,7,4 = 0
2,1,1 = 0
2,1,2 = 0
2,1,3 = 0
2,1,4 = 0
2,2,1 = 1
2,2,2 = 1
2,2,3 = 1
2,2,4 = 0
2,3,1 = 1
2,3,2 = 1
2,3,3 = 1
2,3,4 = 0
2,4,1 = 1
2,4,2 = 1
2,4,3 = 1
2,4,4 = 1
2,5,1 = 0
2,5,2 = 0
2,5,3 = 0
2,5,4 = 0
2,6,1 = 0
2,6,2 = 0
2,6,3 = 0
2,6,4 = 0
2,7,1 = 0
2,7,2 = 0
2,7,3 = 0
2,7,4 = 0
3,1,1 = 1
3,1,2 = 1
3,1,3 = 1
3,1,4 = 0
3,2,1 = 1
3,2,2 = 1
3,2,3 = 1
3,2,4 = 0
3,3,1 = 1
3,3,2 = 1
3,3,3 = 1
3,3,4 = 0
3,4,1 = 1
3,4,2 = 1
3,4,3 = 1
3,4,4 = 1
3,5,1 = 1
3,5,2 = 1
3,5,3 = 1
3,5,4 = 0
3,6,1 = 0
3,6,2 = 0
3,6,3 = 0
3,6,4 = 0
3,7,1 = 0
3,7,2 = 0
3,7,3 = 0
3,7,4 = 0
4,1,1 = 1
4,1,2 = 1
4,1,3 = 1
4,1,4 = 0
4,2,1 = 1
4,2,2 = 1
4,2,3 = 1
4,2,4 = 0
4,3,1 = 1
4,3,2 = 1
4,3,3 = 1
4,3,4 = 0
4,4,1 = 1
4,4,2 = 1
4,4,3 = 1
4,4,4 = 1
4,5,1 = 1
4,5,2 = 1
4,5,3 = 1
4,5,4 = 0
4,6,1 = 0
4,6,2 = 0
4,6,3 = 0
4,6,4 = 0
4,7,1 = 0
4,7,2 = 0
4,7,3 = 0
4,7,4 = 0
5,1,1 = 1
5,1,2 = 1
5,1,3 = 1
5,1,4 = 0
5,2,1 = 1
5,2,2 = 1
5,2,3 = 1
5,2,4 = 0
5,3,1 = 1
5,3,2 = 1
5,3,3 = 1
5,3,4 = 0
5,4,1 = 1
5,4,2 = 1
5,4,3 = 1
5,4,4 = 1
5,5,1 = 1
5,5,2 = 1
5,5,3 = 1
5,5,4 = 0
5,6,1 = 0
5,6,2 = 0
5,6,3 = 0
5,6,4 = 0
5,7,1 = 0
5,7,2 = 0
5,7,3 = 0
5,7,4 = 0


ass
11
hm
Administration
weekend
not_boss
no_PL
standard_HB
no_freeday
avail:
1,1,1 = 0
1,1,2 = 0
1,1,3 = 0
1,1,4 = 0
1,2,1 = 1
1,2,2 = 1
1,2,3 = 1
1,2,4 = 0
1,3,1 = 0
1,3,2 = 0
1,3,3 = 0
1,3,4 = 0
1,4,1 = 1
1,4,2 = 0
1,4,3 = 0
1,4,4 = 0
1,5,1 = 0
1,5,2 = 0
1,5,3 = 0
1,5,4 = 1
1,6,1 = 1
1,6,2 = 0
1,6,3 = 0
1,6,4 = 0
1,7,1 = 1
1,7,2 = 0
1,7,3 = 0
1,7,4 = 0
2,1,1 = 0
2,1,2 = 0
2,1,3 = 0
2,1,4 = 0
2,2,1 = 1
2,2,2 = 1
2,2,3 = 1
2,2,4 = 0
2,3,1 = 0
2,3,2 = 0
2,3,3 = 0
2,3,4 = 0
2,4,1 = 1
2,4,2 = 0
2,4,3 = 0
2,4,4 = 0
2,5,1 = 0
2,5,2 = 0
2,5,3 = 0
2,5,4 = 0
2,6,1 = 0
2,6,2 = 0
2,6,3 = 0
2,6,4 = 0
2,7,1 = 0
2,7,2 = 0
2,7,3 = 0
2,7,4 = 0
3,1,1 = 0
3,1,2 = 0
3,1,3 = 0
3,1,4 = 0
3,2,1 = 1
3,2,2 = 1
3,2,3 = 1
3,2,4 = 0
3,3,1 = 0
3,3,2 = 0
3,3,3 = 0
3,3,4 = 0
3,4,1 = 1
3,4,2 = 0
3,4,3 = 0
3,4,4 = 0
3,5,1 = 0
3,5,2 = 0
3,5,3 = 0
3,5,4 = 0
3,6,1 = 0
3,6,2 = 0
3,6,3 = 0
3,6,4 = 0
3,7,1 = 0
3,7,2 = 0
3,7,3 = 0
3,7,4 = 0
4,1,1 = 0
4,1,2 = 0
4,1,3 = 0
4,1,4 = 0
4,2,1 = 1
4,2,2 = 1
4,2,3 = 1
4,2,4 = 0
4,3,1 = 0
4,3,2 = 0
4,3,3 = 0
4,3,4 = 0
4,4,1 = 1
4,4,2 = 0
4,4,3 = 0
4,4,4 = 0
4,5,1 = 0
4,5,2 = 0
4,5,3 = 0
4,5,4 = 0
4,6,1 = 0
4,6,2 = 0
4,6,3 = 0
4,6,4 = 0
4,7,1 = 0
4,7,2 = 0
4,7,3 = 0
4,7,4 = 0
5,1,1 = 0
5,1,2 = 0
5,1,3 = 0
5,1,4 = 0
5,2,1 = 1
5,2,2 = 1
5,2,3 = 1
5,2,4 = 0
5,3,1 = 0
5,3,2 = 0
5,3,3 = 0
5,3,4 = 0
5,4,1 = 1
5,4,2 = 0
5,4,3 = 0
5,4,4 = 0
5,5,1 = 0
5,5,2 = 0
5,5,3 = 0
5,5,4 = 0
5,6,1 = 0
5,6,2 = 0
5,6,3 = 0
5,6,4 = 0
5,7,1 = 0
5,7,2 = 0
5,7,3 = 0
5,7,4 = 0


ass
15
jo
Media
weekend
not_boss
standard_PL
standard_HB
no_freeday
avail:
1,1,1 = 1
1,1,2 = 1
1,1,3 = 0
1,1,4 = 0
1,2,1 = 1
1,2,2 = 1
1,2,3 = 0
1,2,4 = 0
1,3,1 = 0
1,3,2 = 0
1,3,3 = 0
1,3,4 = 1
1,4,1 = 1
1,4,2 = 1
1,4,3 = 0
1,4,4 = 0
1,5,1 = 1
1,5,2 = 1
1,5,3 = 0
1,5,4 = 1
1,6,1 = 1
1,6,2 = 0
1,6,3 = 0
1,6,4 = 0
1,7,1 = 1
1,7,2 = 0
1,7,3 = 0
1,7,4 = 0
2,1,1 = 0
2,1,2 = 0
2,1,3 = 0
2,1,4 = 0
2,2,1 = 1
2,2,2 = 1
2,2,3 = 0
2,2,4 = 0
2,3,1 = 0
2,3,2 = 0
2,3,3 = 0
2,3,4 = 1
2,4,1 = 1
2,4,2 = 1
2,4,3 = 0
2,4,4 = 0
2,5,1 = 0
2,5,2 = 0
2,5,3 = 0
2,5,4 = 0
2,6,1 = 0
2,6,2 = 0
2,6,3 = 0
2,6,4 = 0
2,7,1 = 0
2,7,2 = 0
2,7,3 = 0
2,7,4 = 0
3,1,1 = 1
3,1,2 = 1
3,1,3 = 0
3,1,4 = 0
3,2,1 = 1
3,2,2 = 1
3,2,3 = 0
3,2,4 = 0
3,3,1 = 0
3,3,2 = 0
3,3,3 = 0
3,3,4 = 1
3,4,1 = 1
3,4,2 = 1
3,4,3 = 0
3,4,4 = 0
3,5,1 = 1
3,5,2 = 1
3,5,3 = 0
3,5,4 = 0
3,6,1 = 0
3,6,2 = 0
3,6,3 = 0
3,6,4 = 0
3,7,1 = 0
3,7,2 = 0
3,7,3 = 0
3,7,4 = 0
4,1,1 = 1
4,1,2 = 1
4,1,3 = 0
4,1,4 = 0
4,2,1 = 1
4,2,2 = 1
4,2,3 = 0
4,2,4 = 0
4,3,1 = 0
4,3,2 = 0
4,3,3 = 0
4,3,4 = 1
4,4,1 = 1
4,4,2 = 1
4,4,3 = 0
4,4,4 = 0
4,5,1 = 1
4,5,2 = 1
4,5,3 = 0
4,5,4 = 0
4,6,1 = 0
4,6,2 = 0
4,6,3 = 0
4,6,4 = 0
4,7,1 = 0
4,7,2 = 0
4,7,3 = 0
4,7,4 = 0
5,1,1 = 1
5,1,2 = 1
5,1,3 = 0
5,1,4 = 0
5,2,1 = 1
5,2,2 = 1
5,2,3 = 0
5,2,4 = 0
5,3,1 = 0
5,3,2 = 0
5,3,3 = 0
5,3,4 = 1
5,4,1 = 1
5,4,2 = 1
5,4,3 = 0
5,4,4 = 0
5,5,1 = 1
5,5,2 = 1
5,5,3 = 0
5,5,4 = 0
5,6,1 = 0
5,6,2 = 0
5,6,3 = 0
5,6,4 = 0
5,7,1 = 0
5,7,2 = 0
5,7,3 = 0
5,7,4 = 0


ass
18
jn
Media
weekend
not_boss
many_PL
standard_HB
no_freeday
avail:
1,1,1 = 1
1,1,2 = 1
1,1,3 = 1
1,1,4 = 0
1,2,1 = 1
1,2,2 = 1
1,2,3 = 1
1,2,4 = 0
1,3,1 = 1
1,3,2 = 1
1,3,3 = 1
1,3,4 = 0
1,4,1 = 1
1,4,2 = 1
1,4,3 = 1
1,4,4 = 1
1,5,1 = 1
1,5,2 = 1
1,5,3 = 1
1,5,4 = 1
1,6,1 = 1
1,6,2 = 0
1,6,3 = 0
1,6,4 = 0
1,7,1 = 1
1,7,2 = 0
1,7,3 = 0
1,7,4 = 0
2,1,1 = 1
2,1,2 = 1
2,1,3 = 1
2,1,4 = 0
2,2,1 = 1
2,2,2 = 1
2,2,3 = 1
2,2,4 = 0
2,3,1 = 1
2,3,2 = 1
2,3,3 = 1
2,3,4 = 0
2,4,1 = 1
2,4,2 = 1
2,4,3 = 0
2,4,4 = 0
2,5,1 = 0
2,5,2 = 0
2,5,3 = 0
2,5,4 = 0
2,6,1 = 0
2,6,2 = 0
2,6,3 = 0
2,6,4 = 0
2,7,1 = 0
2,7,2 = 0
2,7,3 = 0
2,7,4 = 0
3,1,1 = 1
3,1,2 = 1
3,1,3 = 1
3,1,4 = 0
3,2,1 = 1
3,2,2 = 1
3,2,3 = 1
3,2,4 = 0
3,3,1 = 1
3,3,2 = 1
3,3,3 = 1
3,3,4 = 0
3,4,1 = 1
3,4,2 = 1
3,4,3 = 1
3,4,4 = 1
3,5,1 = 1
3,5,2 = 1
3,5,3 = 1
3,5,4 = 0
3,6,1 = 0
3,6,2 = 0
3,6,3 = 0
3,6,4 = 0
3,7,1 = 0
3,7,2 = 0
3,7,3 = 0
3,7,4 = 0
4,1,1 = 1
4,1,2 = 1
4,1,3 = 1
4,1,4 = 0
4,2,1 = 1
4,2,2 = 1
4,2,3 = 1
4,2,4 = 0
4,3,1 = 1
4,3,2 = 1
4,3,3 = 1
4,3,4 = 0
4,4,1 = 1
4,4,2 = 1
4,4,3 = 1
4,4,4 = 1
4,5,1 = 1
4,5,2 = 1
4,5,3 = 1
4,5,4 = 0
4,6,1 = 0
4,6,2 = 0
4,6,3 = 0
4,6,4 = 0
4,7,1 = 0
4,7,2 = 0
4,7,3 = 0
4,7,4 = 0
5,1,1 = 1
5,1,2 = 1
5,1,3 = 1
5,1,4 = 0
5,2,1 = 1
5,2,2 = 1
5,2,3 = 1
5,2,4 = 0
5,3,1 = 1
5,3,2 = 1
5,3,3 = 1
5,3,4 = 0
5,4,1 = 1
5,4,2 = 1
5,4,3 = 1
5,4,4 = 1
5,5,1 = 1
5,5,2 = 1
5,5,3 = 1
5,5,4 = 0
5,6,1 = 0
5,6,2 = 0
5,6,3 = 0
5,6,4 = 0
5,7,1 = 0
5,7,2 = 0
5,7,3 = 0
5,7,4 = 0


ass
20
kni
Vuxen
weekend
not_boss
standard_PL
standard_HB
no_freeday
avail:
1,1,1 = 1
1,1,2 = 1
1,1,3 = 1
1,1,4 = 1
1,2,1 = 1
1,2,2 = 1
1,2,3 = 1
1,2,4 = 0
1,3,1 = 1
1,3,2 = 1
1,3,3 = 1
1,3,4 = 0
1,4,1 = 1
1,4,2 = 1
1,4,3 = 1
1,4,4 = 0
1,5,1 = 1
1,5,2 = 1
1,5,3 = 1
1,5,4 = 1
1,6,1 = 1
1,6,2 = 0
1,6,3 = 0
1,6,4 = 0
1,7,1 = 1
1,7,2 = 0
1,7,3 = 0
1,7,4 = 0
2,1,1 = 1
2,1,2 = 1
2,1,3 = 1
2,1,4 = 1
2,2,1 = 1
2,2,2 = 1
2,2,3 = 1
2,2,4 = 0
2,3,1 = 1
2,3,2 = 1
2,3,3 = 1
2,3,4 = 0
2,4,1 = 0
2,4,2 = 0
2,4,3 = 0
2,4,4 = 0
2,5,1 = 0
2,5,2 = 0
2,5,3 = 0
2,5,4 = 0
2,6,1 = 0
2,6,2 = 0
2,6,3 = 0
2,6,4 = 0
2,7,1 = 0
2,7,2 = 0
2,7,3 = 0
2,7,4 = 0
3,1,1 = 1
3,1,2 = 1
3,1,3 = 1
3,1,4 = 1
3,2,1 = 1
3,2,2 = 1
3,2,3 = 1
3,2,4 = 0
3,3,1 = 1
3,3,2 = 1
3,3,3 = 1
3,3,4 = 0
3,4,1 = 1
3,4,2 = 1
3,4,3 = 1
3,4,4 = 0
3,5,1 = 1
3,5,2 = 1
3,5,3 = 1
3,5,4 = 0
3,6,1 = 0
3,6,2 = 0
3,6,3 = 0
3,6,4 = 0
3,7,1 = 0
3,7,2 = 0
3,7,3 = 0
3,7,4 = 0
4,1,1 = 1
4,1,2 = 1
4,1,3 = 1
4,1,4 = 1
4,2,1 = 1
4,2,2 = 1
4,2,3 = 1
4,2,4 = 0
4,3,1 = 1
4,3,2 = 1
4,3,3 = 1
4,3,4 = 0
4,4,1 = 1
4,4,2 = 1
4,4,3 = 1
4,4,4 = 0
4,5,1 = 1
4,5,2 = 1
4,5,3 = 1
4,5,4 = 0
4,6,1 = 0
4,6,2 = 0
4,6,3 = 0
4,6,4 = 0
4,7,1 = 0
4,7,2 = 0
4,7,3 = 0
4,7,4 = 0
5,1,1 = 1
5,1,2 = 1
5,1,3 = 1
5,1,4 = 1
5,2,1 = 1
5,2,2 = 1
5,2,3 = 1
5,2,4 = 0
5,3,1 = 1
5,3,2 = 1
5,3,3 = 1
5,3,4 = 0
5,4,1 = 1
5,4,2 = 1
5,4,3 = 1
5,4,4 = 0
5,5,1 = 1
5,5,2 = 1
5,5,3 = 1
5,5,4 = 0
5,6,1 = 0
5,6,2 = 0
5,6,3 = 0
5,6,4 = 0
5,7,1 = 0
5,7,2 = 0
5,7,3 = 0
5,7,4 = 0


ass
22
ll
Ingen
weekend
not_boss
no_PL
standard_HB
no_freeday
avail:
1,1,1 = 0
1,1,2 = 0
1,1,3 = 0
1,1,4 = 0
1,2,1 = 0
1,2,2 = 0
1,2,3 = 0
1,2,4 = 0
1,3,1 = 0
1,3,2 = 0
1,3,3 = 0
1,3,4 = 0
1,4,1 = 0
1,4,2 = 0
1,4,3 = 0
1,4,4 = 0
1,5,1 = 0
1,5,2 = 0
1,5,3 = 0
1,5,4 = 1
1,6,1 = 1
1,6,2 = 0
1,6,3 = 0
1,6,4 = 0
1,7,1 = 1
1,7,2 = 0
1,7,3 = 0
1,7,4 = 0
2,1,1 = 0
2,1,2 = 0
2,1,3 = 0
2,1,4 = 0
2,2,1 = 0
2,2,2 = 0
2,2,3 = 0
2,2,4 = 0
2,3,1 = 0
2,3,2 = 0
2,3,3 = 0
2,3,4 = 0
2,4,1 = 0
2,4,2 = 0
2,4,3 = 0
2,4,4 = 0
2,5,1 = 0
2,5,2 = 0
2,5,3 = 0
2,5,4 = 0
2,6,1 = 0
2,6,2 = 0
2,6,3 = 0
2,6,4 = 0
2,7,1 = 0
2,7,2 = 0
2,7,3 = 0
2,7,4 = 0
3,1,1 = 0
3,1,2 = 0
3,1,3 = 0
3,1,4 = 0
3,2,1 = 0
3,2,2 = 0
3,2,3 = 0
3,2,4 = 0
3,3,1 = 0
3,3,2 = 0
3,3,3 = 0
3,3,4 = 0
3,4,1 = 0
3,4,2 = 0
3,4,3 = 0
3,4,4 = 0
3,5,1 = 0
3,5,2 = 0
3,5,3 = 0
3,5,4 = 0
3,6,1 = 0
3,6,2 = 0
3,6,3 = 0
3,6,4 = 0
3,7,1 = 0
3,7,2 = 0
3,7,3 = 0
3,7,4 = 0
4,1,1 = 0
4,1,2 = 0
4,1,3 = 0
4,1,4 = 0
4,2,1 = 0
4,2,2 = 0
4,2,3 = 0
4,2,4 = 0
4,3,1 = 0
4,3,2 = 0
4,3,3 = 0
4,3,4 = 0
4,4,1 = 0
4,4,2 = 0
4,4,3 = 0
4,4,4 = 0
4,5,1 = 0
4,5,2 = 0
4,5,3 = 0
4,5,4 = 0
4,6,1 = 0
4,6,2 = 0
4,6,3 = 0
4,6,4 = 0
4,7,1 = 0
4,7,2 = 0
4,7,3 = 0
4,7,4 = 0
5,1,1 = 0
5,1,2 = 0
5,1,3 = 0
5,1,4 = 0
5,2,1 = 0
5,2,2 = 0
5,2,3 = 0
5,2,4 = 0
5,3,1 = 0
5,3,2 = 0
5,3,3 = 0
5,3,4 = 0
5,4,1 = 0
5,4,2 = 0
5,4,3 = 0
5,4,4 = 0
5,5,1 = 0
5,5,2 = 0
5,5,3 = 0
5,5,4 = 0
5,6,1 = 0
5,6,2 = 0
5,6,3 = 0
5,6,4 = 0
5,7,1 = 0
5,7,2 = 0
5,7,3 = 0
5,7,4 = 0


ass
26
mk
Administration
weekend
not_boss
no_PL
standard_HB
no_freeday
avail:
1,1,1 = 0
1,1,2 = 0
1,1,3 = 0
1,1,4 = 1
1,2,1 = 1
1,2,2 = 0
1,2,3 = 0
1,2,4 = 0
1,3,1 = 0
1,3,2 = 0
1,3,3 = 0
1,3,4 = 0
1,4,1 = 0
1,4,2 = 0
1,4,3 = 0
1,4,4 = 0
1,5,1 = 0
1,5,2 = 0
1,5,3 = 0
1,5,4 = 1
1,6,1 = 1
1,6,2 = 0
1,6,3 = 0
1,6,4 = 0
1,7,1 = 1
1,7,2 = 0
1,7,3 = 0
1,7,4 = 0
2,1,1 = 0
2,1,2 = 0
2,1,3 = 0
2,1,4 = 1
2,2,1 = 1
2,2,2 = 0
2,2,3 = 0
2,2,4 = 0
2,3,1 = 0
2,3,2 = 0
2,3,3 = 0
2,3,4 = 0
2,4,1 = 0
2,4,2 = 0
2,4,3 = 0
2,4,4 = 0
2,5,1 = 0
2,5,2 = 0
2,5,3 = 0
2,5,4 = 0
2,6,1 = 0
2,6,2 = 0
2,6,3 = 0
2,6,4 = 0
2,7,1 = 0
2,7,2 = 0
2,7,3 = 0
2,7,4 = 0
3,1,1 = 0
3,1,2 = 0
3,1,3 = 0
3,1,4 = 1
3,2,1 = 1
3,2,2 = 0
3,2,3 = 0
3,2,4 = 0
3,3,1 = 0
3,3,2 = 0
3,3,3 = 0
3,3,4 = 0
3,4,1 = 0
3,4,2 = 0
3,4,3 = 0
3,4,4 = 0
3,5,1 = 0
3,5,2 = 0
3,5,3 = 0
3,5,4 = 0
3,6,1 = 0
3,6,2 = 0
3,6,3 = 0
3,6,4 = 0
3,7,1 = 0
3,7,2 = 0
3,7,3 = 0
3,7,4 = 0
4,1,1 = 0
4,1,2 = 0
4,1,3 = 0
4,1,4 = 1
4,2,1 = 1
4,2,2 = 0
4,2,3 = 0
4,2,4 = 0
4,3,1 = 0
4,3,2 = 0
4,3,3 = 0
4,3,4 = 0
4,4,1 = 0
4,4,2 = 0
4,4,3 = 0
4,4,4 = 0
4,5,1 = 0
4,5,2 = 0
4,5,3 = 0
4,5,4 = 0
4,6,1 = 0
4,6,2 = 0
4,6,3 = 0
4,6,4 = 0
4,7,1 = 0
4,7,2 = 0
4,7,3 = 0
4,7,4 = 0
5,1,1 = 0
5,1,2 = 0
5,1,3 = 0
5,1,4 = 1
5,2,1 = 1
5,2,2 = 0
5,2,3 = 0
5,2,4 = 0
5,3,1 = 0
5,3,2 = 0
5,3,3 = 0
5,3,4 = 0
5,4,1 = 0
5,4,2 = 0
5,4,3 = 0
5,4,4 = 0
5,5,1 = 0
5,5,2 = 0
5,5,3 = 0
5,5,4 = 0
5,6,1 = 0
5,6,2 = 0
5,6,3 = 0
5,6,4 = 0
5,7,1 = 0
5,7,2 = 0
5,7,3 = 0
5,7,4 = 0


ass
28
me
Ingen
no_weekend
not_boss
no_PL
standard_HB
no_freeday
avail:
1,1,1 = 0
1,1,2 = 0
1,1,3 = 1
1,1,4 = 0
1,2,1 = 0
1,2,2 = 0
1,2,3 = 0
1,2,4 = 0
1,3,1 = 0
1,3,2 = 0
1,3,3 = 0
1,3,4 = 0
1,4,1 = 0
1,4,2 = 0
1,4,3 = 0
1,4,4 = 0
1,5,1 = 0
1,5,2 = 0
1,5,3 = 0
1,5,4 = 0
1,6,1 = 0
1,6,2 = 0
1,6,3 = 0
1,6,4 = 0
1,7,1 = 0
1,7,2 = 0
1,7,3 = 0
1,7,4 = 0
2,1,1 = 0
2,1,2 = 0
2,1,3 = 0
2,1,4 = 0
2,2,1 = 0
2,2,2 = 0
2,2,3 = 0
2,2,4 = 0
2,3,1 = 0
2,3,2 = 0
2,3,3 = 0
2,3,4 = 0
2,4,1 = 0
2,4,2 = 0
2,4,3 = 0
2,4,4 = 0
2,5,1 = 0
2,5,2 = 0
2,5,3 = 0
2,5,4 = 0
2,6,1 = 0
2,6,2 = 0
2,6,3 = 0
2,6,4 = 0
2,7,1 = 0
2,7,2 = 0
2,7,3 = 0
2,7,4 = 0
3,1,1 = 0
3,1,2 = 0
3,1,3 = 1
3,1,4 = 0
3,2,1 = 0
3,2,2 = 0
3,2,3 = 0
3,2,4 = 0
3,3,1 = 0
3,3,2 = 0
3,3,3 = 0
3,3,4 = 0
3,4,1 = 0
3,4,2 = 0
3,4,3 = 0
3,4,4 = 0
3,5,1 = 0
3,5,2 = 0
3,5,3 = 0
3,5,4 = 0
3,6,1 = 0
3,6,2 = 0
3,6,3 = 0
3,6,4 = 0
3,7,1 = 0
3,7,2 = 0
3,7,3 = 0
3,7,4 = 0
4,1,1 = 0
4,1,2 = 0
4,1,3 = 1
4,1,4 = 0
4,2,1 = 0
4,2,2 = 0
4,2,3 = 0
4,2,4 = 0
4,3,1 = 0
4,3,2 = 0
4,3,3 = 0
4,3,4 = 0
4,4,1 = 0
4,4,2 = 0
4,4,3 = 0
4,4,4 = 0
4,5,1 = 0
4,5,2 = 0
4,5,3 = 0
4,5,4 = 0
4,6,1 = 0
4,6,2 = 0
4,6,3 = 0
4,6,4 = 0
4,7,1 = 0
4,7,2 = 0
4,7,3 = 0
4,7,4 = 0
5,1,1 = 0
5,1,2 = 0
5,1,3 = 1
5,1,4 = 0
5,2,1 = 0
5,2,2 = 0
5,2,3 = 0
5,2,4 = 0
5,3,1 = 0
5,3,2 = 0
5,3,3 = 0
5,3,4 = 0
5,4,1 = 0
5,4,2 = 0
5,4,3 = 0
5,4,4 = 0
5,5,1 = 0
5,5,2 = 0
5,5,3 = 0
5,5,4 = 0
5,6,1 = 0
5,6,2 = 0
5,6,3 = 0
5,6,4 = 0
5,7,1 = 0
5,7,2 = 0
5,7,3 = 0
5,7,4 = 0


ass
29
mj
Media
weekend
not_boss
standard_PL
standard_HB
freeday
avail:
1,1,1 = 1
1,1,2 = 1
1,1,3 = 1
1,1,4 = 0
1,2,1 = 1
1,2,2 = 1
1,2,3 = 1
1,2,4 = 0
1,3,1 = 1
1,3,2 = 1
1,3,3 = 1
1,3,4 = 0
1,4,1 = 1
1,4,2 = 1
1,4,3 = 1
1,4,4 = 0
1,5,1 = 1
1,5,2 = 1
1,5,3 = 1
1,5,4 = 1
1,6,1 = 1
1,6,2 = 0
1,6,3 = 0
1,6,4 = 0
1,7,1 = 1
1,7,2 = 0
1,7,3 = 0
1,7,4 = 0
2,1,1 = 0
2,1,2 = 0
2,1,3 = 0
2,1,4 = 0
2,2,1 = 1
2,2,2 = 1
2,2,3 = 1
2,2,4 = 0
2,3,1 = 1
2,3,2 = 1
2,3,3 = 1
2,3,4 = 0
2,4,1 = 1
2,4,2 = 1
2,4,3 = 1
2,4,4 = 0
2,5,1 = 0
2,5,2 = 0
2,5,3 = 0
2,5,4 = 0
2,6,1 = 0
2,6,2 = 0
2,6,3 = 0
2,6,4 = 0
2,7,1 = 0
2,7,2 = 0
2,7,3 = 0
2,7,4 = 0
3,1,1 = 1
3,1,2 = 1
3,1,3 = 1
3,1,4 = 0
3,2,1 = 1
3,2,2 = 1
3,2,3 = 1
3,2,4 = 0
3,3,1 = 1
3,3,2 = 1
3,3,3 = 1
3,3,4 = 0
3,4,1 = 1
3,4,2 = 1
3,4,3 = 1
3,4,4 = 0
3,5,1 = 1
3,5,2 = 1
3,5,3 = 1
3,5,4 = 0
3,6,1 = 0
3,6,2 = 0
3,6,3 = 0
3,6,4 = 0
3,7,1 = 0
3,7,2 = 0
3,7,3 = 0
3,7,4 = 0
4,1,1 = 1
4,1,2 = 1
4,1,3 = 1
4,1,4 = 0
4,2,1 = 1
4,2,2 = 1
4,2,3 = 1
4,2,4 = 0
4,3,1 = 1
4,3,2 = 1
4,3,3 = 1
4,3,4 = 0
4,4,1 = 1
4,4,2 = 1
4,4,3 = 1
4,4,4 = 0
4,5,1 = 1
4,5,2 = 1
4,5,3 = 1
4,5,4 = 0
4,6,1 = 0
4,6,2 = 0
4,6,3 = 0
4,6,4 = 0
4,7,1 = 0
4,7,2 = 0
4,7,3 = 0
4,7,4 = 0
5,1,1 = 1
5,1,2 = 1
5,1,3 = 1
5,1,4 = 0
5,2,1 = 1
5,2,2 = 1
5,2,3 = 1
5,2,4 = 0
5,3,1 = 1
5,3,2 = 1
5,3,3 = 1
5,3,4 = 0
5,4,1 = 1
5,4,2 = 1
5,4,3 = 1
5,4,4 = 0
5,5,1 = 1
5,5,2 = 1
5,5,3 = 1
5,5,4 = 0
5,6,1 = 0
5,6,2 = 0
5,6,3 = 0
5,6,4 = 0
5,7,1 = 0
5,7,2 = 0
5,7,3 = 0
5,7,4 = 0


ass
30
nl
Vuxen
weekend
not_boss
standard_PL
standard_HB
no_freeday
avail:
1,1,1 = 0
1,1,2 = 0
1,1,3 = 1
1,1,4 = 1
1,2,1 = 1
1,2,2 = 1
1,2,3 = 0
1,2,4 = 0
1,3,1 = 1
1,3,2 = 1
1,3,3 = 1
1,3,4 = 0
1,4,1 = 1
1,4,2 = 1
1,4,3 = 0
1,4,4 = 0
1,5,1 = 1
1,5,2 = 1
1,5,3 = 1
1,5,4 = 1
1,6,1 = 1
1,6,2 = 0
1,6,3 = 0
1,6,4 = 0
1,7,1 = 1
1,7,2 = 0
1,7,3 = 0
1,7,4 = 0
2,1,1 = 0
2,1,2 = 0
2,1,3 = 1
2,1,4 = 1
2,2,1 = 1
2,2,2 = 1
2,2,3 = 0
2,2,4 = 0
2,3,1 = 1
2,3,2 = 1
2,3,3 = 1
2,3,4 = 0
2,4,1 = 1
2,4,2 = 1
2,4,3 = 0
2,4,4 = 0
2,5,1 = 0
2,5,2 = 0
2,5,3 = 0
2,5,4 = 0
2,6,1 = 0
2,6,2 = 0
2,6,3 = 0
2,6,4 = 0
2,7,1 = 0
2,7,2 = 0
2,7,3 = 0
2,7,4 = 0
3,1,1 = 0
3,1,2 = 0
3,1,3 = 1
3,1,4 = 1
3,2,1 = 1
3,2,2 = 1
3,2,3 = 0
3,2,4 = 0
3,3,1 = 1
3,3,2 = 1
3,3,3 = 1
3,3,4 = 0
3,4,1 = 1
3,4,2 = 1
3,4,3 = 0
3,4,4 = 0
3,5,1 = 1
3,5,2 = 1
3,5,3 = 1
3,5,4 = 0
3,6,1 = 0
3,6,2 = 0
3,6,3 = 0
3,6,4 = 0
3,7,1 = 0
3,7,2 = 0
3,7,3 = 0
3,7,4 = 0
4,1,1 = 0
4,1,2 = 0
4,1,3 = 1
4,1,4 = 1
4,2,1 = 1
4,2,2 = 1
4,2,3 = 0
4,2,4 = 0
4,3,1 = 1
4,3,2 = 1
4,3,3 = 1
4,3,4 = 0
4,4,1 = 1
4,4,2 = 1
4,4,3 = 0
4,4,4 = 0
4,5,1 = 1
4,5,2 = 1
4,5,3 = 1
4,5,4 = 0
4,6,1 = 0
4,6,2 = 0
4,6,3 = 0
4,6,4 = 0
4,7,1 = 0
4,7,2 = 0
4,7,3 = 0
4,7,4 = 0
5,1,1 = 0
5,1,2 = 0
5,1,3 = 1
5,1,4 = 1
5,2,1 = 1
5,2,2 = 1
5,2,3 = 0
5,2,4 = 0
5,3,1 = 1
5,3,2 = 1
5,3,3 = 1
5,3,4 = 0
5,4,1 = 1
5,4,2 = 1
5,4,3 = 0
5,4,4 = 0
5,5,1 = 1
5,5,2 = 1
5,5,3 = 1
5,5,4 = 0
5,6,1 = 0
5,6,2 = 0
5,6,3 = 0
5,6,4 = 0
5,7,1 = 0
5,7,2 = 0
5,7,3 = 0
5,7,4 = 0


ass
33
sw
Administration
weekend
not_boss
standard_PL
standard_HB
no_freeday
avail:
1,1,1 = 0
1,1,2 = 0
1,1,3 = 0
1,1,4 = 0
1,2,1 = 0
1,2,2 = 0
1,2,3 = 1
1,2,4 = 1
1,3,1 = 1
1,3,2 = 1
1,3,3 = 1
1,3,4 = 0
1,4,1 = 1
1,4,2 = 1
1,4,3 = 1
1,4,4 = 0
1,5,1 = 1
1,5,2 = 1
1,5,3 = 1
1,5,4 = 1
1,6,1 = 1
1,6,2 = 0
1,6,3 = 0
1,6,4 = 0
1,7,1 = 1
1,7,2 = 0
1,7,3 = 0
1,7,4 = 0
2,1,1 = 0
2,1,2 = 0
2,1,3 = 0
2,1,4 = 0
2,2,1 = 0
2,2,2 = 0
2,2,3 = 1
2,2,4 = 1
2,3,1 = 1
2,3,2 = 1
2,3,3 = 1
2,3,4 = 0
2,4,1 = 1
2,4,2 = 1
2,4,3 = 0
2,4,4 = 0
2,5,1 = 0
2,5,2 = 0
2,5,3 = 0
2,5,4 = 0
2,6,1 = 0
2,6,2 = 0
2,6,3 = 0
2,6,4 = 0
2,7,1 = 0
2,7,2 = 0
2,7,3 = 0
2,7,4 = 0
3,1,1 = 0
3,1,2 = 0
3,1,3 = 0
3,1,4 = 0
3,2,1 = 0
3,2,2 = 0
3,2,3 = 1
3,2,4 = 1
3,3,1 = 1
3,3,2 = 1
3,3,3 = 1
3,3,4 = 0
3,4,1 = 1
3,4,2 = 1
3,4,3 = 1
3,4,4 = 0
3,5,1 = 1
3,5,2 = 1
3,5,3 = 1
3,5,4 = 0
3,6,1 = 0
3,6,2 = 0
3,6,3 = 0
3,6,4 = 0
3,7,1 = 0
3,7,2 = 0
3,7,3 = 0
3,7,4 = 0
4,1,1 = 0
4,1,2 = 0
4,1,3 = 0
4,1,4 = 0
4,2,1 = 0
4,2,2 = 0
4,2,3 = 1
4,2,4 = 1
4,3,1 = 1
4,3,2 = 1
4,3,3 = 1
4,3,4 = 0
4,4,1 = 1
4,4,2 = 1
4,4,3 = 1
4,4,4 = 0
4,5,1 = 1
4,5,2 = 1
4,5,3 = 1
4,5,4 = 0
4,6,1 = 0
4,6,2 = 0
4,6,3 = 0
4,6,4 = 0
4,7,1 = 0
4,7,2 = 0
4,7,3 = 0
4,7,4 = 0
5,1,1 = 0
5,1,2 = 0
5,1,3 = 0
5,1,4 = 0
5,2,1 = 0
5,2,2 = 0
5,2,3 = 1
5,2,4 = 1
5,3,1 = 1
5,3,2 = 1
5,3,3 = 1
5,3,4 = 0
5,4,1 = 1
5,4,2 = 1
5,4,3 = 1
5,4,4 = 0
5,5,1 = 1
5,5,2 = 1
5,5,3 = 1
5,5,4 = 0
5,6,1 = 0
5,6,2 = 0
5,6,3 = 0
5,6,4 = 0
5,7,1 = 0
5,7,2 = 0
5,7,3 = 0
5,7,4 = 0


ass
34
sa
Vuxen
no_weekend
not_boss
standard_PL
standard_HB
no_freeday
avail:
1,1,1 = 1
1,1,2 = 1
1,1,3 = 1
1,1,4 = 0
1,2,1 = 0
1,2,2 = 0
1,2,3 = 0
1,2,4 = 0
1,3,1 = 1
1,3,2 = 1
1,3,3 = 1
1,3,4 = 0
1,4,1 = 1
1,4,2 = 1
1,4,3 = 1
1,4,4 = 0
1,5,1 = 1
1,5,2 = 1
1,5,3 = 1
1,5,4 = 0
1,6,1 = 0
1,6,2 = 0
1,6,3 = 0
1,6,4 = 0
1,7,1 = 0
1,7,2 = 0
1,7,3 = 0
1,7,4 = 0
2,1,1 = 1
2,1,2 = 1
2,1,3 = 1
2,1,4 = 0
2,2,1 = 0
2,2,2 = 0
2,2,3 = 0
2,2,4 = 0
2,3,1 = 1
2,3,2 = 1
2,3,3 = 1
2,3,4 = 0
2,4,1 = 1
2,4,2 = 1
2,4,3 = 1
2,4,4 = 0
2,5,1 = 1
2,5,2 = 1
2,5,3 = 1
2,5,4 = 0
2,6,1 = 0
2,6,2 = 0
2,6,3 = 0
2,6,4 = 0
2,7,1 = 0
2,7,2 = 0
2,7,3 = 0
2,7,4 = 0
3,1,1 = 1
3,1,2 = 1
3,1,3 = 1
3,1,4 = 0
3,2,1 = 0
3,2,2 = 0
3,2,3 = 0
3,2,4 = 0
3,3,1 = 1
3,3,2 = 1
3,3,3 = 1
3,3,4 = 0
3,4,1 = 1
3,4,2 = 1
3,4,3 = 1
3,4,4 = 0
3,5,1 = 1
3,5,2 = 1
3,5,3 = 1
3,5,4 = 0
3,6,1 = 0
3,6,2 = 0
3,6,3 = 0
3,6,4 = 0
3,7,1 = 0
3,7,2 = 0
3,7,3 = 0
3,7,4 = 0
4,1,1 = 1
4,1,2 = 1
4,1,3 = 1
4,1,4 = 0
4,2,1 = 0
4,2,2 = 0
4,2,3 = 0
4,2,4 = 0
4,3,1 = 1
4,3,2 = 1
4,3,3 = 1
4,3,4 = 0
4,4,1 = 1
4,4,2 = 1
4,4,3 = 1
4,4,4 = 0
4,5,1 = 1
4,5,2 = 1
4,5,3 = 1
4,5,4 = 0
4,6,1 = 0
4,6,2 = 0
4,6,3 = 0
4,6,4 = 0
4,7,1 = 0
4,7,2 = 0
4,7,3 = 0
4,7,4 = 0
5,1,1 = 1
5,1,2 = 1
5,1,3 = 1
5,1,4 = 0
5,2,1 = 0
5,2,2 = 0
5,2,3 = 0
5,2,4 = 0
5,3,1 = 1
5,3,2 = 1
5,3,3 = 1
5,3,4 = 0
5,4,1 = 1
5,4,2 = 1
5,4,3 = 1
5,4,4 = 0
5,5,1 = 1
5,5,2 = 1
5,5,3 = 1
5,5,4 = 0
5,6,1 = 0
5,6,2 = 0
5,6,3 = 0
5,6,4 = 0
5,7,1 = 0
5,7,2 = 0
5,7,3 = 0
5,7,4 = 0


ass
35
sö
Administration
weekend
not_boss
many_PL
standard_HB
no_freeday
avail:
1,1,1 = 1
1,1,2 = 1
1,1,3 = 1
1,1,4 = 0
1,2,1 = 0
1,2,2 = 0
1,2,3 = 0
1,2,4 = 1
1,3,1 = 1
1,3,2 = 0
1,3,3 = 0
1,3,4 = 0
1,4,1 = 1
1,4,2 = 1
1,4,3 = 1
1,4,4 = 0
1,5,1 = 1
1,5,2 = 1
1,5,3 = 0
1,5,4 = 1
1,6,1 = 1
1,6,2 = 0
1,6,3 = 0
1,6,4 = 0
1,7,1 = 1
1,7,2 = 0
1,7,3 = 0
1,7,4 = 0
2,1,1 = 1
2,1,2 = 1
2,1,3 = 1
2,1,4 = 0
2,2,1 = 0
2,2,2 = 0
2,2,3 = 0
2,2,4 = 1
2,3,1 = 1
2,3,2 = 0
2,3,3 = 0
2,3,4 = 0
2,4,1 = 0
2,4,2 = 0
2,4,3 = 0
2,4,4 = 0
2,5,1 = 0
2,5,2 = 0
2,5,3 = 0
2,5,4 = 0
2,6,1 = 0
2,6,2 = 0
2,6,3 = 0
2,6,4 = 0
2,7,1 = 0
2,7,2 = 0
2,7,3 = 0
2,7,4 = 0
3,1,1 = 1
3,1,2 = 1
3,1,3 = 1
3,1,4 = 0
3,2,1 = 0
3,2,2 = 0
3,2,3 = 0
3,2,4 = 1
3,3,1 = 1
3,3,2 = 0
3,3,3 = 0
3,3,4 = 0
3,4,1 = 1
3,4,2 = 1
3,4,3 = 1
3,4,4 = 0
3,5,1 = 1
3,5,2 = 1
3,5,3 = 0
3,5,4 = 0
3,6,1 = 0
3,6,2 = 0
3,6,3 = 0
3,6,4 = 0
3,7,1 = 0
3,7,2 = 0
3,7,3 = 0
3,7,4 = 0
4,1,1 = 1
4,1,2 = 1
4,1,3 = 1
4,1,4 = 0
4,2,1 = 0
4,2,2 = 0
4,2,3 = 0
4,2,4 = 1
4,3,1 = 1
4,3,2 = 0
4,3,3 = 0
4,3,4 = 0
4,4,1 = 1
4,4,2 = 1
4,4,3 = 1
4,4,4 = 0
4,5,1 = 1
4,5,2 = 1
4,5,3 = 0
4,5,4 = 0
4,6,1 = 0
4,6,2 = 0
4,6,3 = 0
4,6,4 = 0
4,7,1 = 0
4,7,2 = 0
4,7,3 = 0
4,7,4 = 0
5,1,1 = 1
5,1,2 = 1
5,1,3 = 1
5,1,4 = 0
5,2,1 = 0
5,2,2 = 0
5,2,3 = 0
5,2,4 = 1
5,3,1 = 1
5,3,2 = 0
5,3,3 = 0
5,3,4 = 0
5,4,1 = 1
5,4,2 = 1
5,4,3 = 1
5,4,4 = 0
5,5,1 = 1
5,5,2 = 1
5,5,3 = 0
5,5,4 = 0
5,6,1 = 0
5,6,2 = 0
5,6,3 = 0
5,6,4 = 0
5,7,1 = 0
5,7,2 = 0
5,7,3 = 0
5,7,4 = 0


ass
39
Media
weekend
not_boss
no_PL
standard_HB
no_freeday
avail:
1,1,1 = 0
1,1,2 = 0
1,1,3 = 0
1,1,4 = 0
1,2,1 = 0
1,2,2 = 0
1,2,3 = 0
1,2,4 = 0
1,3,1 = 0
1,3,2 = 0
1,3,3 = 0
1,3,4 = 0
1,4,1 = 0
1,4,2 = 0
1,4,3 = 0
1,4,4 = 0
1,5,1 = 0
1,5,2 = 0
1,5,3 = 0
1,5,4 = 1
1,6,1 = 1
1,6,2 = 0
1,6,3 = 0
1,6,4 = 0
1,7,1 = 1
1,7,2 = 0
1,7,3 = 0
1,7,4 = 0
2,1,1 = 0
2,1,2 = 0
2,1,3 = 0
2,1,4 = 0
2,2,1 = 0
2,2,2 = 0
2,2,3 = 0
2,2,4 = 0
2,3,1 = 0
2,3,2 = 0
2,3,3 = 0
2,3,4 = 0
2,4,1 = 0
2,4,2 = 0
2,4,3 = 0
2,4,4 = 0
2,5,1 = 0
2,5,2 = 0
2,5,3 = 0
2,5,4 = 0
2,6,1 = 0
2,6,2 = 0
2,6,3 = 0
2,6,4 = 0
2,7,1 = 0
2,7,2 = 0
2,7,3 = 0
2,7,4 = 0
3,1,1 = 0
3,1,2 = 0
3,1,3 = 0
3,1,4 = 0
3,2,1 = 0
3,2,2 = 0
3,2,3 = 0
3,2,4 = 0
3,3,1 = 0
3,3,2 = 0
3,3,3 = 0
3,3,4 = 0
3,4,1 = 0
3,4,2 = 0
3,4,3 = 0
3,4,4 = 0
3,5,1 = 0
3,5,2 = 0
3,5,3 = 0
3,5,4 = 0
3,6,1 = 0
3,6,2 = 0
3,6,3 = 0
3,6,4 = 0
3,7,1 = 0
3,7,2 = 0
3,7,3 = 0
3,7,4 = 0
4,1,1 = 0
4,1,2 = 0
4,1,3 = 0
4,1,4 = 0
4,2,1 = 0
4,2,2 = 0
4,2,3 = 0
4,2,4 = 0
4,3,1 = 0
4,3,2 = 0
4,3,3 = 0
4,3,4 = 0
4,4,1 = 0
4,4,2 = 0
4,4,3 = 0
4,4,4 = 0
4,5,1 = 0
4,5,2 = 0
4,5,3 = 0
4,5,4 = 0
4,6,1 = 0
4,6,2 = 0
4,6,3 = 0
4,6,4 = 0
4,7,1 = 0
4,7,2 = 0
4,7,3 = 0
4,7,4 = 0
5,1,1 = 0
5,1,2 = 0
5,1,3 = 0
5,1,4 = 0
5,2,1 = 0
5,2,2 = 0
5,2,3 = 0
5,2,4 = 0
5,3,1 = 0
5,3,2 = 0
5,3,3 = 0
5,3,4 = 0
5,4,1 = 0
5,4,2 = 0
5,4,3 = 0
5,4,4 = 0
5,5,1 = 0
5,5,2 = 0
5,5,3 = 0
5,5,4 = 0
5,6,1 = 0
5,6,2 = 0
5,6,3 = 0
5,6,4 = 0
5,7,1 = 0
5,7,2 = 0
5,7,3 = 0
5,7,4 = 0
