20400
21200
40600
39400
38600
40800
42400
42400
26600
26600
23800
25400
27000
5600
2639400
2526600
2186600
1850200
1661600
1566400
1322400
1322400
1157600
1153600
1040400
997200
884800
883200
758400
758000
758000
726400
619000
618600
524200
509400
399400
288200
182200
117400
119000
37600
36400
38800
37600
54000
38800
38400
40800
44000
41600
43600
43600
43600
43600
38800
38000
38800
35600
36400
35600
36400
35600
57200
56400
54800
54800
55600
56400
37800
37800
38600
39400
39800
39400
39400
40200
38600
41000
39000
40400
25600
25600
26800
26800
26400
24800
25600
25600
27600
28400
25600
26800
25600
24000
23200
24800
24800
24000
23600
4400
2552400
2412800
2284000
2064000
1879200
1558400
1505200
1503600
1373200
1317600
1093200
978800
978000
863200
753000
639800
639800
639400
517800
409400
407000
297400
283000
281400
282200
282200
200400
180200
80400
79800
81800
17000
17400
20600
21400
20200
21000
20200
21000
54200
52600
72600
73400
58400
56400
55600
40200
41800
41800
41000
41000
41800
21000
21000
21000
24000
24400
25600
24200
23000
22600
22600
24200
10000
