104
104
108
108
112
118
119
119
118
118
118
120
117
110
498
485
432
376
363
348
301
301
286
286
266
262
242
242
214
214
214
177
158
158
139
122
113
95
89
84
86
77
76
80
81
80
81
81
83
84
80
82
82
82
84
83
83
84
81
82
82
83
82
85
83
82
79
79
81
87
87
88
87
89
89
89
89
84
87
84
84
87
85
87
88
88
87
85
85
87
87
85
86
87
91
91
91
89
89
88
88
501
477
441
394
364
317
306
305
266
247
223
204
204
189
190
171
171
171
143
134
134
118
121
120
121
121
119
112
105
106
110
102
100
104
105
103
103
103
104
105
105
104
104
106
104
105
105
107
108
106
105
105
103
103
104
104
104
104
104
103
103
103
104
103
