2016_5_18 17:52:1
The results are:
31.1218
31.1218
31.1218
31.1218
31.1221
31.1221
31.1221
31.1218
31.1218
31.1218
31.1221
31.1218
31.1221
31.1218
31.1218
31.1218
31.1221
31.1218
31.1218
31.1221
31.1218
31.1203
31.1221
31.1218
31.1218
31.1218
31.1218
31.1218
31.1218
31.1218
31.1221
31.1218
31.1218
31.1218
31.1218
31.1218
31.1218
31.1218
31.0741
31.1221
31.1218
31.0745
31.1221
31.1221
31.1218
30.6459
31.1218
31.1221
31.1218
31.1218
31.1221
31.1218
31.1221
31.1221
31.1218
31.1218
31.1221
31.1221
31.1218
31.1218
31.1218
31.1218
31.12
31.1218
31.1218
31.1221
31.1218
31.1218
31.1218
31.1218
31.1218
31.1218
31.0251
31.1218
31.1218
31.1218
31.0741
31.0741
31.7925
31.3776
29.416
29.8922
29.8912
30.1328
29.8912
29.8912
29.8912
29.8912
29.416
29.8912
29.8922
29.8912
29.8922
29.8912
29.8922
29.416
29.416
30.1128
29.416
29.8912
29.416
29.8912
29.8912
29.8912
29.8912
30.1743
29.8922
29.8912
29.8922
29.8922
29.416
29.8922
29.8912
29.8912
29.8912
29.8912
29.415
29.8912
29.8912
29.8922
29.8912
29.8912
29.8912
29.416
29.416
29.8912
29.8922
29.8922
29.416
29.8922
29.8912
29.8922
29.8912
29.8912
29.8912
29.8912
29.8922
29.8922
29.8922
29.8912
29.8912
29.8912
29.8922
29.8912
29.8912
29.8922
29.416
29.8912
29.8922
29.8922
29.8922
29.8912
29.8912
29.8912
29.8912
29.8922
29.8912
29.8912
29.8922
29.8922
26.7383
27.1244
26.7383
28.1597
26.6913
26.6913
28.1921
26.7383
26.7383
27.1456
26.6913
26.6919
26.7383
26.7383
26.7383
26.7395
26.7383
26.7389
26.7383
26.7383
26.6919
26.7377
26.6919
26.6913
26.7383
26.7383
26.7383
26.7383
26.6919
26.7383
26.7383
26.7395
28.1083
26.6919
26.7389
26.7383
26.6919
26.6913
26.7383
26.7395
26.7395
28.1016
26.6919
26.7383
26.7383
26.6907
26.7383
26.6901
26.7383
26.7383
26.7383
26.7383
26.6913
26.7383
28.0783
26.7383
26.7383
26.7383
26.6919
26.6919
26.7383
26.6913
28.2174
26.7383
26.6913
26.7383
26.7383
26.6913
26.7395
27.5511
26.7389
26.6907
26.6919
26.7395
26.7383
26.6919
28.1444
26.7383
26.7395
26.6913
29.2504
29.2504
29.2513
28.9171
29.2504
29.3138
29.2504
29.2504
29.2504
29.2504
29.2504
28.9171
29.2504
30.0126
29.2494
29.2504
29.2504
28.9179
29.2513
29.2504
28.9171
28.9179
28.9171
29.2504
29.2504
28.9179
28.9179
29.2504
28.9179
29.2513
29.2513
28.9171
30.743
30.059
29.2494
29.2513
29.2504
29.2504
29.2504
29.2513
29.2504
29.2504
29.2504
29.2504
29.2504
29.2504
29.323
29.2513
29.674
29.2513
29.2504
29.2504
29.2513
29.2504
29.2513
28.9179
28.9179
29.2504
29.2504
29.2513
28.9179
29.2504
29.2513
29.2504
29.2504
29.2513
28.9171
29.2504
28.9179
30.3884
29.2513
29.2513
29.2513
29.2504
29.2504
29.2504
28.9171
29.2504
28.9179
29.2504
25.9756
25.894
25.894
25.9773
25.8923
25.9773
25.894
25.9756
25.894
25.9771
26.0145
28.5209
25.894
25.894
25.9756
25.9773
25.894
25.894
25.9773
25.9756
25.9756
25.9773
26.7591
25.9756
25.9736
25.9773
25.9756
25.9754
25.9773
25.9756
26.9498
27.5541
25.9756
25.9773
25.9756
26.6709
25.9773
25.9773
25.9756
28.3443
27.1079
25.9773
25.9756
25.9756
25.9754
25.9756
26.702
25.9773
25.9773
25.894
25.9756
25.9773
25.9756
25.9754
25.9756
27.9194
25.9756
27.1344
25.9756
25.894
25.9756
25.9773
25.9756
25.894
25.9756
25.9771
26.8484
25.894
26.842
25.9756
25.894
25.9773
25.9773
25.894
25.9756
25.9773
25.894
25.9756
26.5239
25.9773
28.1296
28.1291
28.0457
28.1281
28.1296
30.6488
28.1296
28.1291
28.1291
28.1275
28.0463
28.1291
28.0463
28.1291
28.1291
28.1291
28.1296
28.0457
28.1291
28.1296
28.0463
28.0457
28.1296
29.5955
28.9021
28.1291
28.1291
28.0463
28.1291
28.1291
28.9708
28.1296
28.1291
28.1296
28.1291
28.0457
28.1291
28.0463
29.9059
30.8188
28.0463
28.0463
28.1291
28.1291
28.0457
29.7902
28.1291
28.0457
28.1291
28.1291
28.1291
28.9075
28.1291
28.1291
28.0457
28.1291
28.0457
28.1291
28.1291
28.0463
28.0457
28.0463
28.1291
28.0463
28.8504
28.0457
28.1291
28.0463
28.0463
28.1291
28.1291
28.0463
28.1291
28.0463
28.1291
28.1296
28.1291
29.0408
28.0457
28.0457
33.6466
33.6466
33.6468
33.6466
33.6466
33.6466
33.6468
33.6468
33.6466
33.6466
33.6468
33.5635
33.6466
33.6466
33.6468
33.6466
33.6468
33.6466
33.6466
33.5633
33.6466
33.6466
33.6468
33.6466
33.6468
33.6466
33.6466
33.6466
33.6468
33.6468
33.6466
33.6468
33.6468
33.6466
33.6466
33.6466
33.6466
33.6466
33.6466
33.6466
33.6466
33.6466
33.6468
33.6466
33.6468
33.6466
33.6468
33.6466
33.6466
33.6468
33.6466
33.6468
33.6466
33.6466
33.6466
33.6468
33.6468
33.6466
33.6466
33.6466
33.6466
33.6468
33.6466
33.5633
33.6466
33.6466
33.6466
33.6466
33.6466
33.6466
33.6466
33.6466
33.6466
33.6468
33.6466
33.6466
33.6466
33.6466
33.6466
33.6466
0
0
0
0
0
0
0
0
0
0
0
0
0
0
0
0
0
0
0
0
0
0
0
0
0
0
0
0
0
0
0
0
0
0
0
0
0
0
0
0
0
0
0
0
0
0
0
0
0
0
0
0
0
0
0
0
0
0
0
0
0
0
0
0
0
0
0
0
0
0
0
0
0
0
0
0
0
0
0
0
