35200
37600
38000
20600
23800
42200
39000
23600
45200
44400
47600
46800
45600
48800
48000
47600
48000
49200
48000
48000
25600
21600
23200
24000
22800
26800
27600
25200
22800
26000
26800
26800
45000
46600
42600
43800
43800
43000
43000
43000
42200
42200
43000
42200
42200
43000
45000
46200
45400
44600
45400
27200
27200
25600
24000
23200
38400
23600
24400
25200
24400
41400
41400
42600
43400
41800
41400
41400
42200
45400
45400
44200
60800
60400
60400
59600
58800
58000
57200
56400
57200
59200
60800
61600
60800
62000
62000
60800
58400
57200
58000
58400
40200
39800
43400
41000
43400
41800
44000
42000
42800
44600
44600
46200
46600
43400
43800
58200
56600
57400
55000
39000
39000
72600
74200
75800
75800
62800
62000
45400
44600
43800
43800
42200
29600
30000
29200
30000
65000
63400
64600
81000
80200
80200
61800
61800
63400
62600
62200
65400
65200
66000
66800
65600
49600
48800
48800
46000
44400
45200
45200
59400
60200
59800
62200
64600
66200
67000
67000
66200
65400
63800
63800
43000
42200
40600
40600
42600
42600
42600
41400
41400
40600
39800
20600
18200
19000
18600
19400
19600
19600
21200
22000
22000
6400
2536200
2316200
2175800
1856600
1648600
1478200
1242000
1226800
1226800
1115600
1115600
929200
868800
739200
627200
627200
516400
516800
516800
516000
406600
298200
256400
256400
255600
255600
254800
252400
183200
78000
78800
80400
79600
78000
78800
81200
81200
81200
80400
80000
82400
82400
81600
81600
81600
81600
82400
84000
84000
84000
85600
85600
84800
84800
84800
85200
85200
84800
82400
81600
82000
83600
82800
82000
81200
81200
83600
82800
82400
82400
83200
80800
81600
81600
81600
59400
77400
77400
37200
37200
37200
37200
39600
40400
58400
58400
41200
39600
38800
37400
38600
39400
41000
39800
39800
40600
40600
56800
59600
57200
58000
55600
72200
74000
57600
57600
58000
43400
42600
42200
25600
24000
26000
28400
28000
27200
27200
26800
26800
27200
25600
25600
25600
24800
28400
28400
28400
44800
45600
45200
45200
63600
47200
63600
47200
48800
47200
47200
48000
48400
47600
47600
27600
26800
29200
49200
46800
47600
48000
62000
79200
79200
78400
79600
47600
45600
45600
46400
46400
62800
62800
45600
44000
44000
44000
44000
21600
21600
21600
23200
24000
24000
22400
24400
24400
45200
45200
45200
45600
45600
44800
44000
26400
