7598
2611380
2386986
2088592
2033393
2015793
1789794
1674594
1542394
1431195
1318390
1093190
998791
885991
877591
781992
765592
648392
647992
537193
537193
522193
522193
410193
301193
273993
268793
267993
146193
146993
152193
149393
148993
81393
82198
37399
37399
36599
37399
39799
39799
40599
42198
43798
43798
42998
63798
62198
60598
60598
46398
45598
47198
47198
47998
64198
62598
62198
78599
40599
41398
41799
42599
39599
57799
57398
56599
57399
52199
37199
37199
52799
53199
53999
54799
39999
40799
39999
60799
59999
59999
43399
43799
44599
42199
43399
29599
31199
30799
30799
28399
29199
29199
27999
27199
27199
27199
26399
26399
37399
37399
37399
39399
40999
40999
41799
24999
22199
21399
21794
21394
42194
24194
22194
25394
25394
23794
22994
22994
7194
