objfcn	feasible	standins	maxmin
44798	44800	119	0	4600	0	0	7200	30000	0	3000	0
47798	47800	119	0	7000	0	0	7800	30000	0	3000	0
32198	32200	121	0	6400	0	0	7800	15000	0	3000	0
53198	53200	122	0	8000	0	0	7200	15000	20000	3000	0
53198	53200	122	0	8000	0	0	7200	15000	20000	3000	0
50798	50800	119	0	5600	0	0	7200	15000	20000	3000	0
51598	51600	117	0	6400	0	0	7200	15000	20000	3000	0
32598	32600	109	0	2400	0	0	7200	0	20000	3000	0
35198	35200	108	0	5600	0	0	6600	0	20000	3000	0
35198	35200	108	0	5600	0	0	6600	0	20000	3000	0
32798	32800	105	0	3200	0	0	6600	0	20000	3000	0
32198	32200	105	0	3200	0	0	6000	0	20000	3000	0
33198	33200	106	0	4800	0	0	5400	0	20000	3000	0
29998	30000	102	0	1600	0	0	5400	0	20000	3000	0
28699	28700	99	0	2400	0	0	4800	0	20000	1500	0
28898	28900	102	0	3200	0	0	4200	0	20000	1500	0
29698	29700	102	0	4000	0	0	4200	0	20000	1500	0
46298	46300	104	0	5600	0	0	4200	15000	20000	1500	0
45498	45500	102	0	4800	0	0	4200	15000	20000	1500	0
46298	46300	103	0	5600	0	0	4200	15000	20000	1500	0
47098	47100	103	0	6400	0	0	4200	15000	20000	1500	0
32698	32700	104	0	6400	0	0	4800	0	20000	1500	0
30898	30900	101	0	4000	0	0	5400	0	20000	1500	0
27699	27700	97	0	800	0	0	5400	0	20000	1500	0
28699	28700	98	0	2400	0	0	4800	0	20000	1500	0
6599	6600	97	0	2400	0	0	4200	0	0	0	0
2796080	2796100	504	2	341600	0	0	15000	75000	2200000	4500	160000
2578081	2578100	476	2	313600	0	0	15000	75000	2020000	4500	150000
2439881	2439900	454	2	290400	0	0	15000	75000	1920000	4500	135000
2379682	2379700	435	2	275200	0	0	15000	75000	1880000	4500	130000
2135882	2135900	401	2	246400	0	0	15000	75000	1680000	4500	115000
2118288	2118300	381	1	228800	0	0	15000	75000	1680000	4500	115000
2075489	2075500	342	1	196000	0	0	15000	75000	1680000	4500	105000
2055289	2055300	325	1	180800	0	0	15000	75000	1680000	4500	100000
1819690	1819700	289	1	155200	0	0	15000	75000	1480000	4500	90000
1703490	1703500	280	1	144000	0	0	15000	75000	1380000	4500	85000
1470291	1470300	247	1	120800	0	0	15000	75000	1180000	4500	75000
1356291	1356300	218	1	96800	0	0	15000	75000	1100000	4500	65000
1355491	1355500	218	1	96000	0	0	15000	75000	1100000	4500	65000
1121697	1121700	186	0	72800	0	0	14400	75000	900000	4500	55000
983097	983100	162	0	44800	0	0	13800	75000	800000	4500	45000
983097	983100	162	0	44800	0	0	13800	75000	800000	4500	45000
747698	747700	144	0	34400	0	0	13800	60000	600000	4500	35000
637498	637500	140	0	24800	0	0	13200	60000	500000	4500	35000
529898	529900	141	0	22200	0	0	13200	60000	400000	4500	30000
513498	513500	141	0	20800	0	0	13200	45000	400000	4500	30000
307598	307600	117	0	8800	0	0	10800	45000	220000	3000	20000
285398	285400	114	0	7200	0	0	10200	30000	220000	3000	15000
285598	285600	115	0	8000	0	0	9600	30000	220000	3000	15000
287198	287200	117	0	9600	0	0	9600	30000	220000	3000	15000
288998	289000	119	0	12000	0	0	9000	30000	220000	3000	15000
305398	305400	119	0	13400	0	0	9000	45000	220000	3000	15000
306198	306200	119	0	14200	0	0	9000	45000	220000	3000	15000
305398	305400	119	0	13400	0	0	9000	45000	220000	3000	15000
161698	161700	107	0	8000	0	0	7200	15000	120000	1500	10000
160398	160400	108	0	8800	0	0	6600	15000	120000	0	10000
161398	161400	110	0	10400	0	0	6000	15000	120000	0	10000
162198	162200	113	0	11200	0	0	6000	15000	120000	0	10000
162998	163000	113	0	12000	0	0	6000	15000	120000	0	10000
161398	161400	110	0	10400	0	0	6000	15000	120000	0	10000
162198	162200	112	0	11200	0	0	6000	15000	120000	0	10000
158198	158200	107	0	7200	0	0	6000	15000	120000	0	10000
158198	158200	107	0	7200	0	0	6000	15000	120000	0	10000
158198	158200	106	0	7200	0	0	6000	15000	120000	0	10000
157198	157200	105	0	5600	0	0	6600	15000	120000	0	10000
160898	160900	105	0	7200	0	0	7200	15000	120000	1500	10000
160898	160900	105	0	7200	0	0	7200	15000	120000	1500	10000
163298	163300	107	0	9600	0	0	7200	15000	120000	1500	10000
164098	164100	108	0	10400	0	0	7200	15000	120000	1500	10000
159598	159600	103	0	8000	0	0	6600	15000	120000	0	10000
109999	110000	95	0	4000	0	0	6000	15000	80000	0	5000
110999	111000	96	0	5600	0	0	5400	15000	80000	0	5000
110999	111000	96	0	5600	0	0	5400	15000	80000	0	5000
106399	106400	90	0	1600	0	0	4800	15000	80000	0	5000
107999	108000	90	0	3200	0	0	4800	15000	80000	0	5000
27999	28000	92	0	3200	0	0	4800	0	20000	0	0
29599	29600	94	0	4800	0	0	4800	0	20000	0	0
29599	29600	95	0	4800	0	0	4800	0	20000	0	0
31199	31200	95	0	6400	0	0	4800	0	20000	0	0
29599	29600	92	0	4800	0	0	4800	0	20000	0	0
29599	29600	91	0	4800	0	0	4800	0	20000	0	0
28199	28200	90	0	4000	0	0	4200	0	20000	0	0
27399	27400	89	0	3200	0	0	4200	0	20000	0	0
47399	47400	90	0	3200	0	0	4200	0	40000	0	0
48199	48200	90	0	4000	0	0	4200	0	40000	0	0
49799	49800	91	0	5600	0	0	4200	0	40000	0	0
52099	52100	92	0	6400	0	0	4200	0	40000	1500	0
50499	50500	91	0	4800	0	0	4200	0	40000	1500	0
50499	50500	93	0	4800	0	0	4200	0	40000	1500	0
32099	32100	94	0	6400	0	0	4200	0	20000	1500	0
31299	31300	93	0	5600	0	0	4200	0	20000	1500	0
33499	33500	94	0	7200	0	0	4800	0	20000	1500	0
32699	32700	97	0	6400	0	0	4800	0	20000	1500	0
47299	47300	94	0	5400	0	0	5400	15000	20000	1500	0
34099	34100	98	0	7200	0	0	5400	0	20000	1500	0
32199	32200	94	0	3200	0	0	6000	0	20000	3000	0
32199	32200	94	0	3200	0	0	6000	0	20000	3000	0
32999	33000	95	0	4000	0	0	6000	0	20000	3000	0
33199	33200	95	0	4800	0	0	5400	0	20000	3000	0
34799	34800	95	0	6400	0	0	5400	0	20000	3000	0
33999	34000	94	0	5600	0	0	5400	0	20000	3000	0
34799	34800	98	0	6400	0	0	5400	0	20000	3000	0
53999	54000	97	0	5600	0	0	5400	0	40000	3000	0
53999	54000	95	0	5600	0	0	5400	0	40000	3000	0
54399	54400	96	0	7200	0	0	4200	0	40000	3000	0
53599	53600	93	0	6400	0	0	4200	0	40000	3000	0
52799	52800	95	0	5600	0	0	4200	0	40000	3000	0
51999	52000	94	0	4800	0	0	4200	0	40000	3000	0
53599	53600	98	0	6400	0	0	4200	0	40000	3000	0
50399	50400	95	0	3200	0	0	4200	0	40000	3000	0
49599	49600	94	0	2400	0	0	4200	0	40000	3000	0
48999	49000	92	0	2400	0	0	3600	0	40000	3000	0
48999	49000	92	0	2400	0	0	3600	0	40000	3000	0
51399	51400	92	0	4800	0	0	3600	0	40000	3000	0
50599	50600	92	0	4000	0	0	3600	0	40000	3000	0
31399	31400	87	0	4800	0	0	3600	0	20000	3000	0
29999	30000	85	0	4000	0	0	3000	0	20000	3000	0
31199	31200	87	0	4000	0	0	4200	0	20000	3000	0
31199	31200	88	0	4000	0	0	4200	0	20000	3000	0
29299	29300	87	0	4800	0	0	3000	0	20000	1500	0
30099	30100	87	0	5600	0	0	3000	0	20000	1500	0
29299	29300	85	0	4800	0	0	3000	0	20000	1500	0
29299	29300	87	0	4800	0	0	3000	0	20000	1500	0
29099	29100	87	0	4000	0	0	3600	0	20000	1500	0
29399	29400	88	0	1600	0	0	4800	0	20000	3000	0
30199	30200	90	0	2400	0	0	4800	0	20000	3000	0
48399	48400	87	0	5600	0	0	4800	15000	20000	3000	0
47599	47600	86	0	4800	0	0	4800	15000	20000	3000	0
47599	47600	86	0	4800	0	0	4800	15000	20000	3000	0
46299	46300	86	0	5600	0	0	4200	15000	20000	1500	0
46299	46300	85	0	5600	0	0	4200	15000	20000	1500	0
44699	44700	84	0	4000	0	0	4200	15000	20000	1500	0
27499	27500	87	0	2400	0	0	3600	0	20000	1500	0
27299	27300	87	0	1600	0	0	4200	0	20000	1500	0
27099	27100	88	0	800	0	0	4800	0	20000	1500	0
27099	27100	88	0	800	0	0	4800	0	20000	1500	0
27899	27900	90	0	1600	0	0	4800	0	20000	1500	0
28699	28700	91	0	2400	0	0	4800	0	20000	1500	0
28899	28900	91	0	3200	0	0	4200	0	20000	1500	0
29899	29900	92	0	4800	0	0	3600	0	20000	1500	0
29899	29900	92	0	4800	0	0	3600	0	20000	1500	0
27299	27300	94	0	1600	0	0	4200	0	20000	1500	0
27299	27300	93	0	1600	0	0	4200	0	20000	1500	0
43299	43300	92	0	3200	0	0	3600	15000	20000	1500	0
43499	43500	92	0	4000	0	0	3000	15000	20000	1500	0
44799	44800	94	0	3200	0	0	3600	15000	20000	3000	0
45399	45400	96	0	3200	0	0	4200	15000	20000	3000	0
45399	45400	96	0	3200	0	0	4200	15000	20000	3000	0
29599	29600	96	0	2400	0	0	4200	0	20000	3000	0
46199	46200	96	0	4600	0	0	3600	15000	20000	3000	0
45399	45400	95	0	3800	0	0	3600	15000	20000	3000	0
46799	46800	97	0	4600	0	0	4200	15000	20000	3000	0
47599	47600	98	0	5400	0	0	4200	15000	20000	3000	0
51399	51400	99	0	4800	0	0	3600	0	40000	3000	0
51199	51200	97	0	4000	0	0	4200	0	40000	3000	0
50999	51000	95	0	3200	0	0	4800	0	40000	3000	0
50199	50200	94	0	2400	0	0	4800	0	40000	3000	0
50199	50200	93	0	2400	0	0	4800	0	40000	3000	0
49599	49600	93	0	2400	0	0	4200	0	40000	3000	0
50399	50400	92	0	3200	0	0	4200	0	40000	3000	0
50199	50200	91	0	2400	0	0	4800	0	40000	3000	0
50199	50200	91	0	2400	0	0	4800	0	40000	3000	0
49599	49600	90	0	2400	0	0	4200	0	40000	3000	0
49599	49600	90	0	2400	0	0	4200	0	40000	3000	0
51399	51400	91	0	4800	0	0	3600	0	40000	3000	0
51399	51400	91	0	4800	0	0	3600	0	40000	3000	0
50599	50600	92	0	4000	0	0	3600	0	40000	3000	0
51799	51800	93	0	4000	0	0	4800	0	40000	3000	0
66399	66400	91	0	3000	0	0	5400	15000	40000	3000	0
83799	83800	92	0	5400	0	0	5400	30000	40000	3000	0
84799	84800	97	0	7000	0	0	4800	30000	40000	3000	0
68199	68200	97	0	5400	0	0	4800	15000	40000	3000	0
68799	68800	98	0	5400	0	0	5400	15000	40000	3000	0
68199	68200	97	0	5400	0	0	4800	15000	40000	3000	0
68799	68800	97	0	5400	0	0	5400	15000	40000	3000	0
84099	84100	98	0	7800	0	0	4800	30000	40000	1500	0
99099	99100	96	0	8400	0	0	4200	45000	40000	1500	0
98299	98300	95	0	7600	0	0	4200	45000	40000	1500	0
97699	97700	95	0	7600	0	0	3600	45000	40000	1500	0
99299	99300	98	0	9200	0	0	3600	45000	40000	1500	0
95899	95900	94	0	5200	0	0	4200	45000	40000	1500	0
95099	95100	94	0	4400	0	0	4200	45000	40000	1500	0
80299	80300	97	0	4600	0	0	4200	30000	40000	1500	0
83498	83500	102	0	7800	0	0	4200	30000	40000	1500	0
83498	83500	101	0	7800	0	0	4200	30000	40000	1500	0
84298	84300	101	0	8600	0	0	4200	30000	40000	1500	0
67698	67700	101	0	6400	0	0	4800	15000	40000	1500	0
68498	68500	103	0	7200	0	0	4800	15000	40000	1500	0
65498	65500	100	0	4800	0	0	4200	15000	40000	1500	0
66298	66300	101	0	5600	0	0	4200	15000	40000	1500	0
48899	48900	98	0	3200	0	0	4200	0	40000	1500	0
47499	47500	96	0	2400	0	0	3600	0	40000	1500	0
68199	68200	99	0	5400	0	0	4800	15000	40000	3000	0
67999	68000	99	0	4600	0	0	5400	15000	40000	3000	0
67999	68000	99	0	4600	0	0	5400	15000	40000	3000	0
67998	68000	100	0	4600	0	0	5400	15000	40000	3000	0
67998	68000	101	0	4600	0	0	5400	15000	40000	3000	0
67998	68000	101	0	4600	0	0	5400	15000	40000	3000	0
67298	67300	101	0	5400	0	0	5400	15000	40000	1500	0
66899	66900	99	0	6200	0	0	4200	15000	40000	1500	0
50498	50500	100	0	4800	0	0	4200	0	40000	1500	0
49699	49700	99	0	4000	0	0	4200	0	40000	1500	0
65299	65300	97	0	4600	0	0	4200	15000	40000	1500	0
65299	65300	97	0	4600	0	0	4200	15000	40000	1500	0
62299	62300	94	0	2200	0	0	3600	15000	40000	1500	0
62899	62900	97	0	2200	0	0	4200	15000	40000	1500	0
62899	62900	98	0	2200	0	0	4200	15000	40000	1500	0
47298	47300	100	0	1600	0	0	4200	0	40000	1500	0
47298	47300	100	0	1600	0	0	4200	0	40000	1500	0
49498	49500	101	0	3200	0	0	4800	0	40000	1500	0
49498	49500	101	0	3200	0	0	4800	0	40000	1500	0
52498	52500	102	0	5600	0	0	5400	0	40000	1500	0
51098	51100	102	0	4800	0	0	4800	0	40000	1500	0
51498	51500	104	0	4000	0	0	6000	0	40000	1500	0
30998	31000	105	0	5600	0	0	5400	0	20000	0	0
30198	30200	103	0	4800	0	0	5400	0	20000	0	0
28598	28600	102	0	3200	0	0	5400	0	20000	0	0
28598	28600	102	0	3200	0	0	5400	0	20000	0	0
27798	27800	100	0	2400	0	0	5400	0	20000	0	0
28598	28600	100	0	3200	0	0	5400	0	20000	0	0
29399	29400	97	0	4000	0	0	5400	0	20000	0	0
29399	29400	99	0	4000	0	0	5400	0	20000	0	0
29998	30000	101	0	4000	0	0	6000	0	20000	0	0
30798	30800	104	0	4800	0	0	6000	0	20000	0	0
30998	31000	103	0	5600	0	0	5400	0	20000	0	0
29398	29400	101	0	4000	0	0	5400	0	20000	0	0
30799	30800	99	0	4800	0	0	6000	0	20000	0	0
32398	32400	100	0	6400	0	0	6000	0	20000	0	0
33399	33400	99	0	8000	0	0	5400	0	20000	0	0
30999	31000	96	0	5600	0	0	5400	0	20000	0	0
29599	29600	96	0	4800	0	0	4800	0	20000	0	0
28799	28800	95	0	4000	0	0	4800	0	20000	0	0
28799	28800	96	0	4000	0	0	4800	0	20000	0	0
28199	28200	95	0	4000	0	0	4200	0	20000	0	0
28799	28800	96	0	4000	0	0	4800	0	20000	0	0
28799	28800	97	0	4000	0	0	4800	0	20000	0	0
30899	30900	98	0	4000	0	0	5400	0	20000	1500	0
28899	28900	95	0	3200	0	0	4200	0	20000	1500	0
28299	28300	95	0	3200	0	0	3600	0	20000	1500	0
28499	28500	95	0	4000	0	0	3000	0	20000	1500	0
29299	29300	95	0	4800	0	0	3000	0	20000	1500	0
29699	29700	96	0	4000	0	0	4200	0	20000	1500	0
29699	29700	96	0	4000	0	0	4200	0	20000	1500	0
29699	29700	96	0	4000	0	0	4200	0	20000	1500	0
28099	28100	92	0	2400	0	0	4200	0	20000	1500	0
27899	27900	92	0	1600	0	0	4800	0	20000	1500	0
28699	28700	94	0	2400	0	0	4800	0	20000	1500	0
27299	27300	92	0	1600	0	0	4200	0	20000	1500	0
28099	28100	91	0	2400	0	0	4200	0	20000	1500	0
28299	28300	92	0	3200	0	0	3600	0	20000	1500	0
29099	29100	93	0	4000	0	0	3600	0	20000	1500	0
28299	28300	93	0	3200	0	0	3600	0	20000	1500	0
27499	27500	92	0	2400	0	0	3600	0	20000	1500	0
28899	28900	93	0	3200	0	0	4200	0	20000	1500	0
28899	28900	94	0	3200	0	0	4200	0	20000	1500	0
29099	29100	95	0	4000	0	0	3600	0	20000	1500	0
29099	29100	95	0	4000	0	0	3600	0	20000	1500	0
29899	29900	92	0	4800	0	0	3600	0	20000	1500	0
29899	29900	93	0	4800	0	0	3600	0	20000	1500	0
28099	28100	92	0	2400	0	0	4200	0	20000	1500	0
27099	27100	91	0	800	0	0	4800	0	20000	1500	0
27099	27100	90	0	800	0	0	4800	0	20000	1500	0
27099	27100	90	0	800	0	0	4800	0	20000	1500	0
27299	27300	91	0	1600	0	0	4200	0	20000	1500	0
27299	27300	92	0	1600	0	0	4200	0	20000	1500	0
26499	26500	91	0	800	0	0	4200	0	20000	1500	0
28899	28900	93	0	3200	0	0	4200	0	20000	1500	0
32099	32100	95	0	6400	0	0	4200	0	20000	1500	0
28199	28200	92	0	4000	0	0	4200	0	20000	0	0
27399	27400	91	0	3200	0	0	4200	0	20000	0	0
27599	27600	91	0	4000	0	0	3600	0	20000	0	0
25999	26000	88	0	2400	0	0	3600	0	20000	0	0
26799	26800	89	0	3200	0	0	3600	0	20000	0	0
26599	26600	90	0	2400	0	0	4200	0	20000	0	0
28099	28100	91	0	2400	0	0	4200	0	20000	1500	0
29699	29700	93	0	4000	0	0	4200	0	20000	1500	0
29699	29700	93	0	4000	0	0	4200	0	20000	1500	0
28699	28700	92	0	2400	0	0	4800	0	20000	1500	0
27899	27900	91	0	1600	0	0	4800	0	20000	1500	0
29299	29300	93	0	2400	0	0	5400	0	20000	1500	0
29499	29500	96	0	3200	0	0	4800	0	20000	1500	0
29299	29300	95	0	2400	0	0	5400	0	20000	1500	0
30099	30100	97	0	3200	0	0	5400	0	20000	1500	0
29299	29300	98	0	2400	0	0	5400	0	20000	1500	0
30898	30900	100	0	4000	0	0	5400	0	20000	1500	0
30898	30900	100	0	4000	0	0	5400	0	20000	1500	0
28099	28100	96	0	2400	0	0	4200	0	20000	1500	0
28099	28100	96	0	2400	0	0	4200	0	20000	1500	0
28499	28500	96	0	1600	0	0	5400	0	20000	1500	0
61499	61500	95	0	4600	0	0	5400	30000	20000	1500	0
45099	45100	95	0	3200	0	0	5400	15000	20000	1500	0
46499	46500	93	0	4000	0	0	6000	15000	20000	1500	0
48099	48100	96	0	5600	0	0	6000	15000	20000	1500	0
68298	68300	100	0	6400	0	0	5400	15000	40000	1500	0
68898	68900	101	0	6400	0	0	6000	15000	40000	1500	0
68893	68900	101	1	6400	0	0	6000	15000	40000	1500	0
68893	68900	100	1	6400	0	0	6000	15000	40000	1500	0
49893	49900	100	1	8000	0	0	5400	15000	20000	1500	0
50893	50900	100	1	9600	0	0	4800	15000	20000	1500	0
49294	49300	99	1	8000	0	0	4800	15000	20000	1500	0
48694	48700	98	1	8000	0	0	4200	15000	20000	1500	0
46494	46500	96	1	6400	0	0	3600	15000	20000	1500	0
48099	48100	97	0	8000	0	0	3600	15000	20000	1500	0
49499	49500	99	0	8800	0	0	4200	15000	20000	1500	0
47099	47100	95	0	6400	0	0	4200	15000	20000	1500	0
46499	46500	96	0	6400	0	0	3600	15000	20000	1500	0
46499	46500	97	0	6400	0	0	3600	15000	20000	1500	0
30699	30700	98	0	5600	0	0	3600	0	20000	1500	0
29299	29300	96	0	4800	0	0	3000	0	20000	1500	0
46099	46100	95	0	5400	0	0	4200	15000	20000	1500	0
27299	27300	94	0	5400	0	0	5400	15000	0	1500	0
26499	26500	92	0	4600	0	0	5400	15000	0	1500	0
26499	26500	92	0	4600	0	0	5400	15000	0	1500	0
25099	25100	90	0	3800	0	0	4800	15000	0	1500	0
9699	9700	91	0	4000	0	0	4200	0	0	1500	0
10499	10500	91	0	4800	0	0	4200	0	0	1500	0
12099	12100	93	0	6400	0	0	4200	0	0	1500	0
10499	10500	92	0	4800	0	0	4200	0	0	1500	0
9899	9900	91	0	4800	0	0	3600	0	0	1500	0
11699	11700	91	0	7200	0	0	3000	0	0	1500	0
26499	26500	89	0	7000	0	0	3000	15000	0	1500	0
24099	24100	87	0	4600	0	0	3000	15000	0	1500	0
11299	11300	86	0	5600	0	0	4200	0	0	1500	0
11499	11500	87	0	6400	0	0	3600	0	0	1500	0
11099	11100	85	0	4800	0	0	4800	0	0	1500	0
11299	11300	85	0	5600	0	0	4200	0	0	1500	0
27099	27100	85	0	6400	0	0	4200	15000	0	1500	0
10699	10700	83	0	5600	0	0	3600	0	0	1500	0
10499	10500	83	0	4800	0	0	4200	0	0	1500	0
11099	11100	84	0	4800	0	0	4800	0	0	1500	0
33499	33500	91	0	7200	0	0	4800	0	20000	1500	0
32099	32100	89	0	6400	0	0	4200	0	20000	1500	0
32099	32100	91	0	6400	0	0	4200	0	20000	1500	0
33299	33300	93	0	6400	0	0	5400	0	20000	1500	0
32499	32500	91	0	5600	0	0	5400	0	20000	1500	0
31899	31900	90	0	5600	0	0	4800	0	20000	1500	0
31899	31900	89	0	5600	0	0	4800	0	20000	1500	0
33299	33300	91	0	6400	0	0	5400	0	20000	1500	0
47299	47300	87	0	5400	0	0	5400	15000	20000	1500	0
47999	48000	87	0	4600	0	0	5400	15000	20000	3000	0
31799	31800	89	0	4000	0	0	4800	0	20000	3000	0
32599	32600	90	0	4800	0	0	4800	0	20000	3000	0
31199	31200	88	0	4000	0	0	4200	0	20000	3000	0
47599	47600	86	0	5400	0	0	4200	15000	20000	3000	0
48199	48200	89	0	5400	0	0	4800	15000	20000	3000	0
30399	30400	88	0	3200	0	0	4200	0	20000	3000	0
31199	31200	89	0	4000	0	0	4200	0	20000	3000	0
31199	31200	89	0	4000	0	0	4200	0	20000	3000	0
31199	31200	89	0	4000	0	0	4200	0	20000	3000	0
31399	31400	90	0	4800	0	0	3600	0	20000	3000	0
32199	32200	90	0	5600	0	0	3600	0	20000	3000	0
30599	30600	88	0	4000	0	0	3600	0	20000	3000	0
30599	30600	88	0	4000	0	0	3600	0	20000	3000	0
46399	46400	87	0	4800	0	0	3600	15000	20000	3000	0
46399	46400	87	0	4800	0	0	3600	15000	20000	3000	0
46699	46700	87	0	7200	0	0	3000	15000	20000	1500	0
46699	46700	87	0	7200	0	0	3000	15000	20000	1500	0
44299	44300	87	0	4800	0	0	3000	15000	20000	1500	0
45899	45900	88	0	6400	0	0	3000	15000	20000	1500	0
44299	44300	88	0	4800	0	0	3000	15000	20000	1500	0
60499	60500	87	0	5400	0	0	3600	30000	20000	1500	0
44099	44100	91	0	4000	0	0	3600	15000	20000	1500	0
44899	44900	93	0	4800	0	0	3600	15000	20000	1500	0
43299	43300	94	0	3200	0	0	3600	15000	20000	1500	0
43299	43300	95	0	3200	0	0	3600	15000	20000	1500	0
42499	42500	94	0	2400	0	0	3600	15000	20000	1500	0
42499	42500	94	0	2400	0	0	3600	15000	20000	1500	0
42499	42500	94	0	2400	0	0	3600	15000	20000	1500	0
42499	42500	94	0	2400	0	0	3600	15000	20000	1500	0
44099	44100	94	0	4000	0	0	3600	15000	20000	1500	0
44099	44100	94	0	4000	0	0	3600	15000	20000	1500	0
44099	44100	94	0	4000	0	0	3600	15000	20000	1500	0
44899	44900	95	0	4800	0	0	3600	15000	20000	1500	0
43499	43500	94	0	4000	0	0	3000	15000	20000	1500	0
43499	43500	94	0	4000	0	0	3000	15000	20000	1500	0
43499	43500	97	0	4000	0	0	3000	15000	20000	1500	0
44299	44300	98	0	4800	0	0	3000	15000	20000	1500	0
62099	62100	98	0	7000	0	0	3600	30000	20000	1500	0
47099	47100	99	0	6400	0	0	4200	15000	20000	1500	0
47899	47900	98	0	7200	0	0	4200	15000	20000	1500	0
46299	46300	96	0	5600	0	0	4200	15000	20000	1500	0
47099	47100	96	0	6400	0	0	4200	15000	20000	1500	0
44999	45000	93	0	6400	0	0	3600	15000	20000	0	0
46399	46400	96	0	7200	0	0	4200	15000	20000	0	0
44799	44800	94	0	5600	0	0	4200	15000	20000	0	0
45999	46000	93	0	8000	0	0	3000	15000	20000	0	0
45799	45800	93	0	7200	0	0	3600	15000	20000	0	0
46594	46600	94	1	8000	0	0	3600	15000	20000	0	0
46399	46400	94	0	7200	0	0	4200	15000	20000	0	0
47699	47700	95	0	6400	0	0	4800	15000	20000	1500	0
47899	47900	95	0	7200	0	0	4200	15000	20000	1500	0
47899	47900	94	0	7200	0	0	4200	15000	20000	1500	0
30499	30500	93	0	4800	0	0	4200	0	20000	1500	0
31299	31300	94	0	5600	0	0	4200	0	20000	1500	0
30499	30500	93	0	4800	0	0	4200	0	20000	1500	0
32094	32100	95	1	6400	0	0	4200	0	20000	1500	0
30494	30500	93	1	4800	0	0	4200	0	20000	1500	0
29694	29700	92	1	4000	0	0	4200	0	20000	1500	0
29694	29700	92	1	4000	0	0	4200	0	20000	1500	0
32094	32100	94	1	6400	0	0	4200	0	20000	1500	0
30494	30500	90	1	4800	0	0	4200	0	20000	1500	0
26494	26500	85	1	800	0	0	4200	0	20000	1500	0
27294	27300	87	1	1600	0	0	4200	0	20000	1500	0
28694	28700	89	1	2400	0	0	4800	0	20000	1500	0
28699	28700	89	0	2400	0	0	4800	0	20000	1500	0
28699	28700	89	0	2400	0	0	4800	0	20000	1500	0
47499	47500	84	0	6200	0	0	4800	15000	20000	1500	0
46699	46700	83	0	5400	0	0	4800	15000	20000	1500	0
46699	46700	83	0	5400	0	0	4800	15000	20000	1500	0
47099	47100	84	0	4600	0	0	6000	15000	20000	1500	0
46299	46300	83	0	3800	0	0	6000	15000	20000	1500	0
45499	45500	82	0	3000	0	0	6000	15000	20000	1500	0
44899	44900	81	0	3000	0	0	5400	15000	20000	1500	0
45699	45700	81	0	3800	0	0	5400	15000	20000	1500	0
45099	45100	80	0	3800	0	0	4800	15000	20000	1500	0
30299	30300	82	0	4000	0	0	4800	0	20000	1500	0
30099	30100	82	0	3200	0	0	5400	0	20000	1500	0
27199	27200	83	0	2400	0	0	4800	0	20000	0	0
27999	28000	84	0	3200	0	0	4800	0	20000	0	0
7999	8000	83	0	3200	0	0	4800	0	0	0	0
2753680	2753700	512	2	339200	0	0	15000	75000	2160000	4500	160000
2602681	2602700	477	2	303200	0	0	15000	75000	2060000	4500	145000
2524081	2524100	465	2	289600	0	0	15000	75000	2000000	4500	140000
2424682	2424700	444	2	275200	0	0	15000	75000	1920000	4500	135000
2072082	2072100	401	2	237600	0	0	15000	75000	1620000	4500	120000
1838683	1838700	357	2	199200	0	0	15000	75000	1440000	4500	105000
1603084	1603100	333	2	173600	0	0	15000	75000	1240000	4500	95000
1584284	1584300	312	2	159800	0	0	15000	75000	1240000	4500	90000
1477484	1477500	312	2	158000	0	0	15000	75000	1140000	4500	85000
1361685	1361700	292	2	142200	0	0	15000	60000	1060000	4500	80000
1126085	1126100	255	2	116600	0	0	15000	60000	860000	4500	70000
1107285	1107300	256	2	112800	0	0	15000	45000	860000	4500	70000
982886	982900	236	2	98400	0	0	15000	45000	760000	4500	60000
864286	864300	216	2	84800	0	0	15000	45000	660000	4500	55000
843486	843500	211	2	69600	0	0	14400	45000	660000	4500	50000
826687	826700	195	2	58400	0	0	13800	45000	660000	4500	45000
597292	597300	155	1	35200	0	0	12600	45000	460000	4500	40000
597292	597300	155	1	35200	0	0	12600	45000	460000	4500	40000
598092	598100	155	1	36000	0	0	12600	45000	460000	4500	40000
522093	522100	139	1	25600	0	0	12000	45000	400000	4500	35000
402498	402500	117	0	12800	0	0	10200	45000	300000	4500	30000
402298	402300	118	0	12000	0	0	10800	45000	300000	4500	30000
313898	313900	118	0	13600	0	0	10800	60000	200000	4500	25000
265898	265900	118	0	11200	0	0	10200	60000	160000	4500	20000
265298	265300	118	0	11200	0	0	9600	60000	160000	4500	20000
265298	265300	118	0	11200	0	0	9600	60000	160000	4500	20000
265298	265300	118	0	11200	0	0	9600	60000	160000	4500	20000
180898	180900	108	0	8000	0	0	8400	45000	100000	4500	15000
181098	181100	108	0	8800	0	0	7800	45000	100000	4500	15000
201298	201300	108	0	9600	0	0	7200	45000	120000	4500	15000
70899	70900	98	0	4800	0	0	6600	30000	20000	4500	5000
72298	72300	100	0	5600	0	0	7200	30000	20000	4500	5000
69499	69500	99	0	4000	0	0	6000	30000	20000	4500	5000
49598	49600	100	0	5600	0	0	6000	30000	0	3000	5000
50198	50200	100	0	5600	0	0	6600	30000	0	3000	5000
52298	52300	102	0	5600	0	0	7200	30000	0	4500	5000
52898	52900	103	0	5600	0	0	7800	30000	0	4500	5000
52898	52900	102	0	5600	0	0	7800	30000	0	4500	5000
52898	52900	102	0	5600	0	0	7800	30000	0	4500	5000
54098	54100	103	0	5600	0	0	9000	30000	0	4500	5000
55698	55700	103	0	7200	0	0	9000	30000	0	4500	5000
35899	35900	99	0	2400	0	0	9000	15000	0	4500	5000
38098	38100	100	0	4000	0	0	9600	15000	0	4500	5000
38899	38900	97	0	4800	0	0	9600	15000	0	4500	5000
39099	39100	97	0	5600	0	0	9000	15000	0	4500	5000
39099	39100	97	0	5600	0	0	9000	15000	0	4500	5000
37699	37700	97	0	4800	0	0	8400	15000	0	4500	5000
40099	40100	99	0	7200	0	0	8400	15000	0	4500	5000
40099	40100	99	0	7200	0	0	8400	15000	0	4500	5000
12299	12300	88	0	0	0	0	7800	0	0	4500	0
36299	36300	91	0	4000	0	0	7800	0	20000	4500	0
34899	34900	90	0	3200	0	0	7200	0	20000	4500	0
34899	34900	91	0	3200	0	0	7200	0	20000	4500	0
34699	34700	90	0	2400	0	0	7800	0	20000	4500	0
36499	36500	91	0	4800	0	0	7200	0	20000	4500	0
36699	36700	91	0	5600	0	0	6600	0	20000	4500	0
34499	34500	91	0	4000	0	0	6000	0	20000	4500	0
30199	30200	83	0	2400	0	0	4800	0	20000	3000	0
30999	31000	84	0	3200	0	0	4800	0	20000	3000	0
32399	32400	86	0	4000	0	0	5400	0	20000	3000	0
32399	32400	84	0	4000	0	0	5400	0	20000	3000	0
33799	33800	85	0	4800	0	0	6000	0	20000	3000	0
34799	34800	85	0	6400	0	0	5400	0	20000	3000	0
31799	31800	83	0	4000	0	0	4800	0	20000	3000	0
32399	32400	81	0	4000	0	0	5400	0	20000	3000	0
31599	31600	81	0	3200	0	0	5400	0	20000	3000	0
30799	30800	80	0	2400	0	0	5400	0	20000	3000	0
30299	30300	82	0	4000	0	0	4800	0	20000	1500	0
31099	31100	85	0	4800	0	0	4800	0	20000	1500	0
31099	31100	86	0	4800	0	0	4800	0	20000	1500	0
31099	31100	86	0	4800	0	0	4800	0	20000	1500	0
29299	29300	85	0	2400	0	0	5400	0	20000	1500	0
28499	28500	82	0	1600	0	0	5400	0	20000	1500	0
7099	7100	79	0	800	0	0	4800	0	0	1500	0
24299	24300	79	0	3000	0	0	4800	15000	0	1500	0
9499	9500	81	0	3200	0	0	4800	0	0	1500	0
27099	27100	81	0	800	0	0	4800	0	20000	1500	0
27099	27100	81	0	800	0	0	4800	0	20000	1500	0
27099	27100	81	0	800	0	0	4800	0	20000	1500	0
27099	27100	83	0	800	0	0	4800	0	20000	1500	0
28699	28700	83	0	2400	0	0	4800	0	20000	1500	0
30099	30100	83	0	3200	0	0	5400	0	20000	1500	0
30099	30100	83	0	3200	0	0	5400	0	20000	1500	0
45699	45700	81	0	3800	0	0	5400	15000	20000	1500	0
28499	28500	82	0	1600	0	0	5400	0	20000	1500	0
28499	28500	82	0	1600	0	0	5400	0	20000	1500	0
29499	29500	81	0	3200	0	0	4800	0	20000	1500	0
27899	27900	81	0	1600	0	0	4800	0	20000	1500	0
27499	27500	80	0	2400	0	0	3600	0	20000	1500	0
29099	29100	79	0	4000	0	0	3600	0	20000	1500	0
28499	28500	79	0	4000	0	0	3000	0	20000	1500	0
29099	29100	79	0	4000	0	0	3600	0	20000	1500	0
30899	30900	81	0	6400	0	0	3000	0	20000	1500	0
29099	29100	79	0	4000	0	0	3600	0	20000	1500	0
44699	44700	78	0	4600	0	0	3600	15000	20000	1500	0
44899	44900	79	0	5400	0	0	3000	15000	20000	1500	0
46799	46800	80	0	4600	0	0	4200	15000	20000	3000	0
46199	46200	79	0	4600	0	0	3600	15000	20000	3000	0
46799	46800	80	0	4600	0	0	4200	15000	20000	3000	0
46799	46800	80	0	4600	0	0	4200	15000	20000	3000	0
47199	47200	81	0	3800	0	0	5400	15000	20000	3000	0
47999	48000	82	0	4600	0	0	5400	15000	20000	3000	0
68799	68800	84	0	5400	0	0	5400	15000	40000	3000	0
31599	31600	83	0	3200	0	0	5400	0	20000	3000	0
32399	32400	82	0	4000	0	0	5400	0	20000	3000	0
32399	32400	82	0	4000	0	0	5400	0	20000	3000	0
30799	30800	82	0	2400	0	0	5400	0	20000	3000	0
29999	30000	82	0	1600	0	0	5400	0	20000	3000	0
30799	30800	82	0	2400	0	0	5400	0	20000	3000	0
30799	30800	82	0	2400	0	0	5400	0	20000	3000	0
29399	29400	81	0	1600	0	0	4800	0	20000	3000	0
29399	29400	81	0	1600	0	0	4800	0	20000	3000	0
29399	29400	80	0	1600	0	0	4800	0	20000	3000	0
29399	29400	80	0	1600	0	0	4800	0	20000	3000	0
28799	28800	84	0	1600	0	0	4200	0	20000	3000	0
27999	28000	84	0	800	0	0	4200	0	20000	3000	0
28799	28800	83	0	1600	0	0	4200	0	20000	3000	0
28799	28800	83	0	1600	0	0	4200	0	20000	3000	0
11199	11200	83	0	4000	0	0	4200	0	0	3000	0
11199	11200	80	0	4000	0	0	4200	0	0	3000	0
10999	11000	81	0	3200	0	0	4800	0	0	3000	0
12599	12600	82	0	4800	0	0	4800	0	0	3000	0
12599	12600	85	0	4800	0	0	4800	0	0	3000	0
16399	16400	86	0	8000	0	0	5400	0	0	3000	0
51999	52000	87	0	8600	0	0	5400	15000	20000	3000	0
53399	53400	90	0	9400	0	0	6000	15000	20000	3000	0
54299	54300	91	0	11800	0	0	6000	15000	20000	1500	0
52699	52700	91	0	10200	0	0	6000	15000	20000	1500	0
51299	51300	90	0	9400	0	0	5400	15000	20000	1500	0
48699	48700	86	0	6200	0	0	6000	15000	20000	1500	0
48699	48700	86	0	6200	0	0	6000	15000	20000	1500	0
29299	29300	84	0	2400	0	0	5400	0	20000	1500	0
63299	63300	84	0	7000	0	0	4800	30000	20000	1500	0
64899	64900	88	0	8600	0	0	4800	30000	20000	1500	0
65699	65700	87	0	9400	0	0	4800	30000	20000	1500	0
47699	47700	87	0	6400	0	0	4800	15000	20000	1500	0
47699	47700	88	0	6400	0	0	4800	15000	20000	1500	0
48499	48500	87	0	7200	0	0	4800	15000	20000	1500	0
47099	47100	85	0	6400	0	0	4200	15000	20000	1500	0
26699	26700	86	0	4800	0	0	5400	15000	0	1500	0
29299	29300	86	0	8000	0	0	4800	15000	0	1500	0
30299	30300	89	0	9600	0	0	4200	15000	0	1500	0
30299	30300	89	0	9600	0	0	4200	15000	0	1500	0
30099	30100	89	0	8800	0	0	4800	15000	0	1500	0
29499	29500	91	0	8800	0	0	4200	15000	0	1500	0
28699	28700	91	0	8000	0	0	4200	15000	0	1500	0
28699	28700	91	0	8000	0	0	4200	15000	0	1500	0
25799	25800	90	0	7200	0	0	3600	15000	0	0	0
24999	25000	90	0	6400	0	0	3600	15000	0	0	0
24799	24800	90	0	5600	0	0	4200	15000	0	0	0
26399	26400	91	0	7200	0	0	4200	15000	0	0	0
45599	45600	92	0	6400	0	0	4200	15000	20000	0	0
44799	44800	93	0	5600	0	0	4200	15000	20000	0	0
44799	44800	93	0	5600	0	0	4200	15000	20000	0	0
46399	46400	95	0	7200	0	0	4200	15000	20000	0	0
32199	32200	95	0	8000	0	0	4200	0	20000	0	0
32799	32800	95	0	8000	0	0	4800	0	20000	0	0
30999	31000	93	0	5600	0	0	5400	0	20000	0	0
29399	29400	91	0	4000	0	0	5400	0	20000	0	0
29399	29400	87	0	4000	0	0	5400	0	20000	0	0
28199	28200	86	0	4000	0	0	4200	0	20000	0	0
28199	28200	86	0	4000	0	0	4200	0	20000	0	0
44799	44800	85	0	6200	0	0	3600	15000	20000	0	0
43999	44000	85	0	5400	0	0	3600	15000	20000	0	0
22999	23000	83	0	3800	0	0	4200	15000	0	0	0
21799	21800	84	0	3800	0	0	3000	15000	0	0	0
20999	21000	84	0	3000	0	0	3000	15000	0	0	0
22999	23000	86	0	3800	0	0	4200	15000	0	0	0
24499	24500	86	0	3800	0	0	4200	15000	0	1500	0
24499	24500	87	0	3800	0	0	4200	15000	0	1500	0
24299	24300	85	0	3000	0	0	4800	15000	0	1500	0
44299	44300	86	0	3000	0	0	4800	15000	20000	1500	0
44499	44500	86	0	3800	0	0	4200	15000	20000	1500	0
43499	43500	86	0	2200	0	0	4800	15000	20000	1500	0
45099	45100	88	0	3800	0	0	4800	15000	20000	1500	0
44299	44300	87	0	3000	0	0	4800	15000	20000	1500	0
45099	45100	87	0	3800	0	0	4800	15000	20000	1500	0
45899	45900	88	0	4600	0	0	4800	15000	20000	1500	0
30299	30300	90	0	4000	0	0	4800	0	20000	1500	0
28899	28900	89	0	3200	0	0	4200	0	20000	1500	0
29494	29500	92	1	3200	0	0	4800	0	20000	1500	0
30094	30100	93	1	3200	0	0	5400	0	20000	1500	0
30099	30100	92	0	3200	0	0	5400	0	20000	1500	0
30894	30900	93	1	4000	0	0	5400	0	20000	1500	0
30894	30900	93	1	4000	0	0	5400	0	20000	1500	0
34594	34600	97	1	5600	0	0	6000	0	20000	3000	0
16394	16400	97	1	8000	0	0	5400	0	0	3000	0
13499	13500	95	0	7200	0	0	4800	0	0	1500	0
12899	12900	94	0	7200	0	0	4200	0	0	1500	0
11899	11900	94	0	5600	0	0	4800	0	0	1500	0
11899	11900	95	0	5600	0	0	4800	0	0	1500	0
11899	11900	96	0	5600	0	0	4800	0	0	1500	0
11099	11100	95	0	4800	0	0	4800	0	0	1500	0
8699	8700	95	0	2400	0	0	4800	0	0	1500	0
8699	8700	96	0	2400	0	0	4800	0	0	1500	0
9694	9700	95	1	4000	0	0	4200	0	0	1500	0
8694	8700	94	1	2400	0	0	4800	0	0	1500	0
10294	10300	92	1	4000	0	0	4800	0	0	1500	0
10294	10300	92	1	4000	0	0	4800	0	0	1500	0
10899	10900	93	0	4000	0	0	5400	0	0	1500	0
10699	10700	92	0	3200	0	0	6000	0	0	1500	0
11499	11500	92	0	4000	0	0	6000	0	0	1500	0
10899	10900	90	0	4000	0	0	5400	0	0	1500	0
10899	10900	90	0	4000	0	0	5400	0	0	1500	0
9299	9300	89	0	2400	0	0	5400	0	0	1500	0
8699	8700	88	0	2400	0	0	4800	0	0	1500	0
8499	8500	87	0	1600	0	0	5400	0	0	1500	0
10099	10100	87	0	3200	0	0	5400	0	0	1500	0
10899	10900	88	0	4000	0	0	5400	0	0	1500	0
10099	10100	87	0	3200	0	0	5400	0	0	1500	0
9099	9100	86	0	1600	0	0	6000	0	0	1500	0
10099	10100	86	0	3200	0	0	5400	0	0	1500	0
8699	8700	82	0	2400	0	0	4800	0	0	1500	0
10099	10100	85	0	3200	0	0	5400	0	0	1500	0
11499	11500	85	0	4000	0	0	6000	0	0	1500	0
12499	12500	85	0	5600	0	0	5400	0	0	1500	0
13299	13300	86	0	6400	0	0	5400	0	0	1500	0
11699	11700	86	0	4800	0	0	5400	0	0	1500	0
28499	28500	86	0	7200	0	0	4800	15000	0	1500	0
28499	28500	86	0	7200	0	0	4800	15000	0	1500	0
28299	28300	86	0	6400	0	0	5400	15000	0	1500	0
29299	29300	86	0	8000	0	0	4800	15000	0	1500	0
27499	27500	84	0	5600	0	0	5400	15000	0	1500	0
27499	27500	84	0	5600	0	0	5400	15000	0	1500	0
27694	27700	84	1	6400	0	0	4800	15000	0	1500	0
28094	28100	84	1	8000	0	0	3600	15000	0	1500	0
27894	27900	87	1	7200	0	0	4200	15000	0	1500	0
27694	27700	87	1	6400	0	0	4800	15000	0	1500	0
27694	27700	86	1	6400	0	0	4800	15000	0	1500	0
27894	27900	86	1	7200	0	0	4200	15000	0	1500	0
27299	27300	85	0	7200	0	0	3600	15000	0	1500	0
24299	24300	85	0	4800	0	0	3000	15000	0	1500	0
25599	25600	85	0	4000	0	0	3600	15000	0	3000	0
25999	26000	84	0	3200	0	0	4800	15000	0	3000	0
27599	27600	86	0	4800	0	0	4800	15000	0	3000	0
26799	26800	86	0	4000	0	0	4800	15000	0	3000	0
27999	28000	90	0	4000	0	0	6000	15000	0	3000	0
28999	29000	89	0	5600	0	0	5400	15000	0	3000	0
28199	28200	88	0	4800	0	0	5400	15000	0	3000	0
26599	26600	89	0	3200	0	0	5400	15000	0	3000	0
28399	28400	91	0	5600	0	0	4800	15000	0	3000	0
28399	28400	93	0	5600	0	0	4800	15000	0	3000	0
29399	29400	94	0	7200	0	0	4200	15000	0	3000	0
29399	29400	94	0	7200	0	0	4200	15000	0	3000	0
29399	29400	94	0	7200	0	0	4200	15000	0	3000	0
27999	28000	95	0	6400	0	0	3600	15000	0	3000	0
26399	26400	93	0	4800	0	0	3600	15000	0	3000	0
26399	26400	93	0	4800	0	0	3600	15000	0	3000	0
27199	27200	94	0	5600	0	0	3600	15000	0	3000	0
26399	26400	93	0	4800	0	0	3600	15000	0	3000	0
45199	45200	92	0	8600	0	0	3600	30000	0	3000	0
44999	45000	91	0	7800	0	0	4200	30000	0	3000	0
61299	61300	88	0	6200	0	0	3600	30000	20000	1500	0
61299	61300	88	0	6200	0	0	3600	30000	20000	1500	0
44699	44700	89	0	4000	0	0	4200	15000	20000	1500	0
44499	44500	89	0	3200	0	0	4800	15000	20000	1500	0
44499	44500	89	0	3200	0	0	4800	15000	20000	1500	0
25499	25500	90	0	4800	0	0	4200	15000	0	1500	0
27099	27100	91	0	6400	0	0	4200	15000	0	1500	0
28099	28100	92	0	8000	0	0	3600	15000	0	1500	0
26299	26300	91	0	5600	0	0	4200	15000	0	1500	0
8299	8300	88	0	3200	0	0	3600	0	0	1500	0
9699	9700	90	0	4000	0	0	4200	0	0	1500	0
12599	12600	92	0	4800	0	0	4800	0	0	3000	0
33599	33600	96	0	6400	0	0	4200	0	20000	3000	0
31799	31800	96	0	4000	0	0	4800	0	20000	3000	0
32599	32600	98	0	4800	0	0	4800	0	20000	3000	0
32599	32600	97	0	4800	0	0	4800	0	20000	3000	0
33999	34000	99	0	5600	0	0	5400	0	20000	3000	0
32999	33000	98	0	4000	0	0	6000	0	20000	3000	0
31399	31400	96	0	2400	0	0	6000	0	20000	3000	0
32999	33000	98	0	4000	0	0	6000	0	20000	3000	0
32199	32200	95	0	3200	0	0	6000	0	20000	3000	0
47299	47300	96	0	5400	0	0	5400	15000	20000	1500	0
48899	48900	98	0	7000	0	0	5400	15000	20000	1500	0
32499	32500	97	0	5600	0	0	5400	0	20000	1500	0
31499	31500	96	0	4000	0	0	6000	0	20000	1500	0
33099	33100	98	0	5600	0	0	6000	0	20000	1500	0
32899	32900	97	0	4800	0	0	6600	0	20000	1500	0
33699	33700	99	0	5600	0	0	6600	0	20000	1500	0
33099	33100	99	0	5600	0	0	6000	0	20000	1500	0
33099	33100	99	0	5600	0	0	6000	0	20000	1500	0
31694	31700	97	1	4800	0	0	5400	0	20000	1500	0
30894	30900	94	1	4000	0	0	5400	0	20000	1500	0
33894	33900	94	1	6400	0	0	6000	0	20000	1500	0
31594	31600	92	1	5600	0	0	6000	0	20000	0	0
29394	29400	90	1	4000	0	0	5400	0	20000	0	0
29394	29400	90	1	4000	0	0	5400	0	20000	0	0
45394	45400	90	1	5600	0	0	4800	15000	20000	0	0
44794	44800	89	1	5600	0	0	4200	15000	20000	0	0
44594	44600	89	1	4800	0	0	4800	15000	20000	0	0
46794	46800	89	1	6400	0	0	5400	15000	20000	0	0
46394	46400	89	1	7200	0	0	4200	15000	20000	0	0
49294	49300	90	1	8000	0	0	4800	15000	20000	1500	0
32099	32100	88	0	6400	0	0	4200	0	20000	1500	0
30499	30500	89	0	4800	0	0	4200	0	20000	1500	0
46899	46900	87	0	6200	0	0	4200	15000	20000	1500	0
46099	46100	88	0	5400	0	0	4200	15000	20000	1500	0
61899	61900	88	0	6200	0	0	4200	30000	20000	1500	0
62699	62700	88	0	7000	0	0	4200	30000	20000	1500	0
61899	61900	87	0	6200	0	0	4200	30000	20000	1500	0
62699	62700	86	0	7000	0	0	4200	30000	20000	1500	0
62699	62700	86	0	7000	0	0	4200	30000	20000	1500	0
62499	62500	87	0	6200	0	0	4800	30000	20000	1500	0
62499	62500	87	0	6200	0	0	4800	30000	20000	1500	0
61899	61900	85	0	6200	0	0	4200	30000	20000	1500	0
61899	61900	86	0	6200	0	0	4200	30000	20000	1500	0
62699	62700	86	0	7000	0	0	4200	30000	20000	1500	0
61099	61100	84	0	5400	0	0	4200	30000	20000	1500	0
60299	60300	83	0	4600	0	0	4200	30000	20000	1500	0
61899	61900	85	0	6200	0	0	4200	30000	20000	1500	0
62699	62700	90	0	7000	0	0	4200	30000	20000	1500	0
61899	61900	89	0	6200	0	0	4200	30000	20000	1500	0
48099	48100	92	0	8000	0	0	3600	15000	20000	1500	0
48099	48100	90	0	8000	0	0	3600	15000	20000	1500	0
46499	46500	88	0	6400	0	0	3600	15000	20000	1500	0
48699	48700	90	0	8000	0	0	4200	15000	20000	1500	0
49499	49500	90	0	8800	0	0	4200	15000	20000	1500	0
47099	47100	88	0	6400	0	0	4200	15000	20000	1500	0
45299	45300	86	0	4000	0	0	4800	15000	20000	1500	0
44699	44700	85	0	4000	0	0	4200	15000	20000	1500	0
31299	31300	87	0	5600	0	0	4200	0	20000	1500	0
46099	46100	86	0	5400	0	0	4200	15000	20000	1500	0
29699	29700	86	0	4000	0	0	4200	0	20000	1500	0
29499	29500	87	0	3200	0	0	4800	0	20000	1500	0
27899	27900	85	0	1600	0	0	4800	0	20000	1500	0
27899	27900	85	0	1600	0	0	4800	0	20000	1500	0
28699	28700	85	0	2400	0	0	4800	0	20000	1500	0
28899	28900	86	0	3200	0	0	4200	0	20000	1500	0
28899	28900	85	0	3200	0	0	4200	0	20000	1500	0
29699	29700	82	0	4000	0	0	4200	0	20000	1500	0
28899	28900	81	0	3200	0	0	4200	0	20000	1500	0
29499	29500	83	0	3200	0	0	4800	0	20000	1500	0
27699	27700	81	0	800	0	0	5400	0	20000	1500	0
26399	26400	80	0	1600	0	0	4800	0	20000	0	0
27999	28000	84	0	3200	0	0	4800	0	20000	0	0
28199	28200	82	0	4000	0	0	4200	0	20000	0	0
30399	30400	84	0	5600	0	0	4800	0	20000	0	0
30199	30200	84	0	4800	0	0	5400	0	20000	0	0
30199	30200	83	0	4800	0	0	5400	0	20000	0	0
30199	30200	83	0	4800	0	0	5400	0	20000	0	0
29399	29400	81	0	4000	0	0	5400	0	20000	0	0
30399	30400	82	0	5600	0	0	4800	0	20000	0	0
30199	30200	82	0	4800	0	0	5400	0	20000	0	0
30399	30400	81	0	5600	0	0	4800	0	20000	0	0
11799	11800	81	0	6400	0	0	5400	0	0	0	0
13299	13300	81	0	6400	0	0	5400	0	0	1500	0
13099	13100	82	0	5600	0	0	6000	0	0	1500	0
12499	12500	80	0	5600	0	0	5400	0	0	1500	0
13299	13300	81	0	6400	0	0	5400	0	0	1500	0
14099	14100	84	0	7200	0	0	5400	0	0	1500	0
13499	13500	83	0	7200	0	0	4800	0	0	1500	0
13299	13300	84	0	6400	0	0	5400	0	0	1500	0
12499	12500	84	0	5600	0	0	5400	0	0	1500	0
12299	12300	84	0	4800	0	0	6000	0	0	1500	0
13899	13900	86	0	6400	0	0	6000	0	0	1500	0
13099	13100	86	0	5600	0	0	6000	0	0	1500	0
31799	31800	86	0	6400	0	0	5400	0	20000	0	0
33399	33400	86	0	8000	0	0	5400	0	20000	0	0
31199	31200	84	0	6400	0	0	4800	0	20000	0	0
28999	29000	85	0	4800	0	0	4200	0	20000	0	0
27399	27400	85	0	3200	0	0	4200	0	20000	0	0
27599	27600	84	0	4000	0	0	3600	0	20000	0	0
27599	27600	85	0	4000	0	0	3600	0	20000	0	0
28399	28400	86	0	4800	0	0	3600	0	20000	0	0
28399	28400	86	0	4800	0	0	3600	0	20000	0	0
28399	28400	86	0	4800	0	0	3600	0	20000	0	0
29199	29200	86	0	5600	0	0	3600	0	20000	0	0
29799	29800	86	0	5600	0	0	4200	0	20000	0	0
30599	30600	84	0	6400	0	0	4200	0	20000	0	0
29799	29800	85	0	5600	0	0	4200	0	20000	0	0
30599	30600	86	0	6400	0	0	4200	0	20000	0	0
28199	28200	86	0	4000	0	0	4200	0	20000	0	0
27399	27400	87	0	3200	0	0	4200	0	20000	0	0
9999	10000	87	0	1600	0	0	5400	0	0	3000	0
9999	10000	87	0	1600	0	0	5400	0	0	3000	0
7899	7900	86	0	1600	0	0	4800	0	0	1500	0
8699	8700	86	0	2400	0	0	4800	0	0	1500	0
30899	30900	90	0	4000	0	0	5400	0	20000	1500	0
55399	55400	95	0	6400	0	0	6000	0	40000	3000	0
36994	37000	96	1	8000	0	0	6000	0	20000	3000	0
35994	36000	93	1	6400	0	0	6600	0	20000	3000	0
35599	35600	94	0	7200	0	0	5400	0	20000	3000	0
35399	35400	95	0	6400	0	0	6000	0	20000	3000	0
35399	35400	96	0	6400	0	0	6000	0	20000	3000	0
31399	31400	91	0	2400	0	0	6000	0	20000	3000	0
30799	30800	94	0	2400	0	0	5400	0	20000	3000	0
28999	29000	92	0	0	0	0	6000	0	20000	3000	0
28999	29000	92	0	0	0	0	6000	0	20000	3000	0
29999	30000	93	0	1600	0	0	5400	0	20000	3000	0
49999	50000	93	0	1600	0	0	5400	0	40000	3000	0
50599	50600	93	0	1600	0	0	6000	0	40000	3000	0
49999	50000	93	0	1600	0	0	5400	0	40000	3000	0
51599	51600	94	0	3200	0	0	5400	0	40000	3000	0
53199	53200	95	0	4800	0	0	5400	0	40000	3000	0
53199	53200	96	0	4800	0	0	5400	0	40000	3000	0
54399	54400	98	0	4800	0	0	6600	0	40000	3000	0
55199	55200	98	0	5600	0	0	6600	0	40000	3000	0
33399	33400	95	0	3200	0	0	7200	0	20000	3000	0
34794	34800	94	1	4000	0	0	7800	0	20000	3000	0
34794	34800	94	1	4000	0	0	7800	0	20000	3000	0
33994	34000	93	1	3200	0	0	7800	0	20000	3000	0
33194	33200	95	1	2400	0	0	7800	0	20000	3000	0
33194	33200	95	1	2400	0	0	7800	0	20000	3000	0
34194	34200	96	1	4000	0	0	7200	0	20000	3000	0
34194	34200	96	1	4000	0	0	7200	0	20000	3000	0
50794	50800	97	1	5600	0	0	7200	15000	20000	3000	0
50194	50200	96	1	5600	0	0	6600	15000	20000	3000	0
51794	51800	97	1	7200	0	0	6600	15000	20000	3000	0
52494	52500	96	1	6400	0	0	6600	15000	20000	4500	0
53294	53300	97	1	7200	0	0	6600	15000	20000	4500	0
70294	70300	95	1	4800	0	0	6000	15000	40000	4500	0
68699	68700	92	0	3200	0	0	6000	15000	40000	4500	0
70299	70300	94	0	4800	0	0	6000	15000	40000	4500	0
74099	74100	92	0	8000	0	0	6600	15000	40000	4500	0
74699	74700	91	0	8000	0	0	7200	15000	40000	4500	0
75699	75700	91	0	9600	0	0	6600	15000	40000	4500	0
56299	56300	88	0	9600	0	0	7200	15000	20000	4500	0
56899	56900	89	0	9600	0	0	7800	15000	20000	4500	0
55299	55300	87	0	8000	0	0	7800	15000	20000	4500	0
54499	54500	85	0	7200	0	0	7800	15000	20000	4500	0
52899	52900	83	0	5600	0	0	7800	15000	20000	4500	0
52899	52900	84	0	5600	0	0	7800	15000	20000	4500	0
52099	52100	84	0	4800	0	0	7800	15000	20000	4500	0
68499	68500	84	0	6200	0	0	7800	30000	20000	4500	0
70099	70100	86	0	7800	0	0	7800	30000	20000	4500	0
70899	70900	88	0	8600	0	0	7800	30000	20000	4500	0
70899	70900	89	0	8600	0	0	7800	30000	20000	4500	0
55299	55300	93	0	8000	0	0	7800	15000	20000	4500	0
74094	74100	94	1	11800	0	0	7800	30000	20000	4500	0
72694	72700	92	1	11000	0	0	7200	30000	20000	4500	0
72899	72900	92	0	11800	0	0	6600	30000	20000	4500	0
54099	54100	87	0	8600	0	0	6000	15000	20000	4500	0
52499	52500	86	0	7000	0	0	6000	15000	20000	4500	0
51699	51700	86	0	6200	0	0	6000	15000	20000	4500	0
34499	34500	87	0	4000	0	0	6000	0	20000	4500	0
34299	34300	87	0	3200	0	0	6600	0	20000	4500	0
34299	34300	87	0	3200	0	0	6600	0	20000	4500	0
35899	35900	86	0	4800	0	0	6600	0	20000	4500	0
35099	35100	85	0	4000	0	0	6600	0	20000	4500	0
53199	53200	85	0	4800	0	0	5400	0	40000	3000	0
53199	53200	85	0	4800	0	0	5400	0	40000	3000	0
55599	55600	88	0	7200	0	0	5400	0	40000	3000	0
56399	56400	90	0	8000	0	0	5400	0	40000	3000	0
56199	56200	90	0	7200	0	0	6000	0	40000	3000	0
35399	35400	89	0	6400	0	0	6000	0	20000	3000	0
35199	35200	89	0	5600	0	0	6600	0	20000	3000	0
34599	34600	87	0	5600	0	0	6000	0	20000	3000	0
34599	34600	85	0	5600	0	0	6000	0	20000	3000	0
34399	34400	84	0	4800	0	0	6600	0	20000	3000	0
30499	30500	83	0	2400	0	0	6600	0	20000	1500	0
29699	29700	83	0	1600	0	0	6600	0	20000	1500	0
29299	29300	83	0	2400	0	0	5400	0	20000	1500	0
29299	29300	83	0	2400	0	0	5400	0	20000	1500	0
28699	28700	84	0	2400	0	0	4800	0	20000	1500	0
27899	27900	85	0	1600	0	0	4800	0	20000	1500	0
28099	28100	83	0	2400	0	0	4200	0	20000	1500	0
28099	28100	83	0	2400	0	0	4200	0	20000	1500	0
27499	27500	83	0	2400	0	0	3600	0	20000	1500	0
26699	26700	81	0	1600	0	0	3600	0	20000	1500	0
7799	7800	83	0	0	0	0	4800	0	0	3000	0
10199	10200	85	0	2400	0	0	4800	0	0	3000	0
10199	10200	86	0	2400	0	0	4800	0	0	3000	0
10199	10200	89	0	2400	0	0	4800	0	0	3000	0
12599	12600	91	0	4800	0	0	4800	0	0	3000	0
12599	12600	91	0	4800	0	0	4800	0	0	3000	0
11799	11800	92	0	4000	0	0	4800	0	0	3000	0
13199	13200	93	0	4800	0	0	5400	0	0	3000	0
13194	13200	94	1	4800	0	0	5400	0	0	3000	0
13994	14000	94	1	5600	0	0	5400	0	0	3000	0
13994	14000	94	1	5600	0	0	5400	0	0	3000	0
12994	13000	94	1	4000	0	0	6000	0	0	3000	0
11594	11600	92	1	3200	0	0	5400	0	0	3000	0
10794	10800	90	1	2400	0	0	5400	0	0	3000	0
10794	10800	91	1	2400	0	0	5400	0	0	3000	0
10794	10800	91	1	2400	0	0	5400	0	0	3000	0
27994	28000	91	1	4600	0	0	5400	15000	0	3000	0
10794	10800	90	1	2400	0	0	5400	0	0	3000	0
10794	10800	90	1	2400	0	0	5400	0	0	3000	0
9194	9200	88	1	800	0	0	5400	0	0	3000	0
10194	10200	90	1	2400	0	0	4800	0	0	3000	0
30194	30200	88	1	2400	0	0	4800	0	20000	3000	0
10994	11000	87	1	3200	0	0	4800	0	0	3000	0
10994	11000	88	1	3200	0	0	4800	0	0	3000	0
26594	26600	86	1	3800	0	0	4800	15000	0	3000	0
24999	25000	87	0	2200	0	0	4800	15000	0	3000	0
24999	25000	86	0	2200	0	0	4800	15000	0	3000	0
25799	25800	87	0	3000	0	0	4800	15000	0	3000	0
27199	27200	89	0	3800	0	0	5400	15000	0	3000	0
27199	27200	90	0	3800	0	0	5400	15000	0	3000	0
11599	11600	90	0	3200	0	0	5400	0	0	3000	0
10799	10800	90	0	2400	0	0	5400	0	0	3000	0
11599	11600	90	0	3200	0	0	5400	0	0	3000	0
12999	13000	90	0	4000	0	0	6000	0	0	3000	0
11699	11700	91	0	4800	0	0	5400	0	0	1500	0
9299	9300	88	0	2400	0	0	5400	0	0	1500	0
8499	8500	85	0	1600	0	0	5400	0	0	1500	0
8499	8500	85	0	1600	0	0	5400	0	0	1500	0
8499	8500	85	0	1600	0	0	5400	0	0	1500	0
29299	29300	88	0	2400	0	0	5400	0	20000	1500	0
30299	30300	89	0	4000	0	0	4800	0	20000	1500	0
30899	30900	90	0	4000	0	0	5400	0	20000	1500	0
31099	31100	90	0	4800	0	0	4800	0	20000	1500	0
30499	30500	89	0	4800	0	0	4200	0	20000	1500	0
31099	31100	90	0	4800	0	0	4800	0	20000	1500	0
30499	30500	90	0	4800	0	0	4200	0	20000	1500	0
28099	28100	88	0	2400	0	0	4200	0	20000	1500	0
27499	27500	87	0	2400	0	0	3600	0	20000	1500	0
26699	26700	86	0	1600	0	0	3600	0	20000	1500	0
26699	26700	86	0	1600	0	0	3600	0	20000	1500	0
5899	5900	85	0	800	0	0	3600	0	0	1500	0
23099	23100	83	0	3000	0	0	3600	15000	0	1500	0
26099	26100	84	0	5400	0	0	4200	15000	0	1500	0
25499	25500	81	0	5400	0	0	3600	15000	0	1500	0
26499	26500	82	0	7000	0	0	3000	15000	0	1500	0
25699	25700	82	0	6200	0	0	3000	15000	0	1500	0
44399	44400	85	0	8400	0	0	3000	30000	0	3000	0
29399	29400	87	0	7800	0	0	3600	15000	0	3000	0
48599	48600	88	0	7000	0	0	3600	15000	20000	3000	0
29199	29200	85	0	7000	0	0	4200	15000	0	3000	0
10399	10400	83	0	3200	0	0	4200	0	0	3000	0
8499	8500	83	0	4000	0	0	3000	0	0	1500	0
10899	10900	88	0	6400	0	0	3000	0	0	1500	0
10094	10100	86	1	5600	0	0	3000	0	0	1500	0
30094	30100	89	1	5600	0	0	3000	0	20000	1500	0
30094	30100	89	1	5600	0	0	3000	0	20000	1500	0
30894	30900	89	1	6400	0	0	3000	0	20000	1500	0
32494	32500	88	1	8000	0	0	3000	0	20000	1500	0
31494	31500	90	1	6400	0	0	3600	0	20000	1500	0
30694	30700	91	1	5600	0	0	3600	0	20000	1500	0
29094	29100	90	1	4000	0	0	3600	0	20000	1500	0
29894	29900	91	1	4800	0	0	3600	0	20000	1500	0
29294	29300	89	1	4800	0	0	3000	0	20000	1500	0
29094	29100	89	1	4000	0	0	3600	0	20000	1500	0
30494	30500	90	1	4800	0	0	4200	0	20000	1500	0
29694	29700	90	1	4000	0	0	4200	0	20000	1500	0
30494	30500	92	1	4800	0	0	4200	0	20000	1500	0
30494	30500	91	1	4800	0	0	4200	0	20000	1500	0
30494	30500	91	1	4800	0	0	4200	0	20000	1500	0
30794	30800	90	1	2400	0	0	5400	0	20000	3000	0
30794	30800	91	1	2400	0	0	5400	0	20000	3000	0
30794	30800	91	1	2400	0	0	5400	0	20000	3000	0
28599	28600	90	0	800	0	0	4800	0	20000	3000	0
28599	28600	90	0	800	0	0	4800	0	20000	3000	0
28599	28600	90	0	800	0	0	4800	0	20000	3000	0
27099	27100	90	0	800	0	0	4800	0	20000	1500	0
27099	27100	90	0	800	0	0	4800	0	20000	1500	0
27899	27900	90	0	1600	0	0	4800	0	20000	1500	0
27299	27300	89	0	1600	0	0	4200	0	20000	1500	0
28099	28100	90	0	2400	0	0	4200	0	20000	1500	0
27499	27500	90	0	2400	0	0	3600	0	20000	1500	0
29699	29700	89	0	4000	0	0	4200	0	20000	1500	0
32899	32900	89	0	7200	0	0	4200	0	20000	1500	0
31299	31300	86	0	5600	0	0	4200	0	20000	1500	0
28699	28700	84	0	2400	0	0	4800	0	20000	1500	0
28699	28700	84	0	2400	0	0	4800	0	20000	1500	0
30499	30500	87	0	4800	0	0	4200	0	20000	1500	0
27399	27400	86	0	3200	0	0	4200	0	20000	0	0
27399	27400	86	0	3200	0	0	4200	0	20000	0	0
27399	27400	86	0	3200	0	0	4200	0	20000	0	0
28399	28400	86	0	4800	0	0	3600	0	20000	0	0
27799	27800	84	0	4800	0	0	3000	0	20000	0	0
26399	26400	84	0	4000	0	0	2400	0	20000	0	0
27199	27200	85	0	4800	0	0	2400	0	20000	0	0
27199	27200	85	0	4800	0	0	2400	0	20000	0	0
27999	28000	84	0	5600	0	0	2400	0	20000	0	0
27199	27200	85	0	4800	0	0	2400	0	20000	0	0
25599	25600	83	0	3200	0	0	2400	0	20000	0	0
25599	25600	83	0	3200	0	0	2400	0	20000	0	0
24799	24800	82	0	2400	0	0	2400	0	20000	0	0
24799	24800	85	0	2400	0	0	2400	0	20000	0	0
24799	24800	85	0	2400	0	0	2400	0	20000	0	0
24999	25000	85	0	3200	0	0	1800	0	20000	0	0
27199	27200	85	0	4800	0	0	2400	0	20000	0	0
27799	27800	84	0	4800	0	0	3000	0	20000	0	0
27599	27600	83	0	4000	0	0	3600	0	20000	0	0
27599	27600	84	0	4000	0	0	3600	0	20000	0	0
48399	48400	88	0	4800	0	0	3600	0	40000	0	0
46799	46800	89	0	3200	0	0	3600	0	40000	0	0
26599	26600	89	0	2400	0	0	4200	0	20000	0	0
27399	27400	90	0	3200	0	0	4200	0	20000	0	0
27399	27400	90	0	3200	0	0	4200	0	20000	0	0
48199	48200	91	0	4000	0	0	4200	0	40000	0	0
47399	47400	90	0	3200	0	0	4200	0	40000	0	0
48399	48400	90	0	4800	0	0	3600	0	40000	0	0
49199	49200	92	0	5600	0	0	3600	0	40000	0	0
49994	50000	93	1	6400	0	0	3600	0	40000	0	0
48999	49000	94	0	4800	0	0	4200	0	40000	0	0
49599	49600	95	0	4800	0	0	4800	0	40000	0	0
49599	49600	94	0	4800	0	0	4800	0	40000	0	0
49599	49600	93	0	4800	0	0	4800	0	40000	0	0
48999	49000	93	0	4800	0	0	4200	0	40000	0	0
48199	48200	92	0	4000	0	0	4200	0	40000	0	0
47999	48000	92	0	3200	0	0	4800	0	40000	0	0
26399	26400	88	0	1600	0	0	4800	0	20000	0	0
27199	27200	86	0	2400	0	0	4800	0	20000	0	0
30099	30100	86	0	3200	0	0	5400	0	20000	1500	0
29299	29300	86	0	2400	0	0	5400	0	20000	1500	0
31099	31100	86	0	4800	0	0	4800	0	20000	1500	0
35199	35200	89	0	5600	0	0	6600	0	20000	3000	0
51599	51600	89	0	7000	0	0	6600	15000	20000	3000	0
65099	65100	90	0	7600	0	0	6000	30000	20000	1500	0
47699	47700	91	0	4600	0	0	6600	15000	20000	1500	0
47099	47100	90	0	4600	0	0	6000	15000	20000	1500	0
46299	46300	90	0	3800	0	0	6000	15000	20000	1500	0
44699	44700	90	0	2200	0	0	6000	15000	20000	1500	0
28299	28300	88	0	800	0	0	6000	0	20000	1500	0
29099	29100	88	0	1600	0	0	6000	0	20000	1500	0
29699	29700	88	0	1600	0	0	6600	0	20000	1500	0
30699	30700	89	0	3200	0	0	6000	0	20000	1500	0
33699	33700	90	0	5600	0	0	6600	0	20000	1500	0
15599	15600	90	0	9600	0	0	6000	0	0	0	0
68599	68600	92	0	12600	0	0	6000	30000	20000	0	0
35599	35600	92	0	9600	0	0	6000	0	20000	0	0
31599	31600	90	0	5600	0	0	6000	0	20000	0	0
30199	30200	86	0	4800	0	0	5400	0	20000	0	0
30799	30800	86	0	4800	0	0	6000	0	20000	0	0
30799	30800	89	0	4800	0	0	6000	0	20000	0	0
30599	30600	91	0	4000	0	0	6600	0	20000	0	0
31199	31200	92	0	4000	0	0	7200	0	20000	0	0
30399	30400	91	0	3200	0	0	7200	0	20000	0	0
29599	29600	90	0	2400	0	0	7200	0	20000	0	0
29599	29600	92	0	2400	0	0	7200	0	20000	0	0
31399	31400	93	0	4800	0	0	6600	0	20000	0	0
31399	31400	92	0	4800	0	0	6600	0	20000	0	0
32499	32500	91	0	3200	0	0	7800	0	20000	1500	0
32699	32700	92	0	4000	0	0	7200	0	20000	1500	0
52899	52900	92	0	4800	0	0	6600	0	40000	1500	0
53499	53500	93	0	4800	0	0	7200	0	40000	1500	0
53499	53500	93	0	4800	0	0	7200	0	40000	1500	0
53699	53700	94	0	5600	0	0	6600	0	40000	1500	0
52299	52300	93	0	4800	0	0	6000	0	40000	1500	0
53899	53900	93	0	6400	0	0	6000	0	40000	1500	0
54099	54100	90	0	7200	0	0	5400	0	40000	1500	0
54899	54900	91	0	8000	0	0	5400	0	40000	1500	0
52699	52700	88	0	6400	0	0	4800	0	40000	1500	0
51899	51900	87	0	5600	0	0	4800	0	40000	1500	0
51099	51100	88	0	4800	0	0	4800	0	40000	1500	0
30899	30900	88	0	4000	0	0	5400	0	20000	1500	0
28699	28700	87	0	2400	0	0	4800	0	20000	1500	0
29499	29500	87	0	3200	0	0	4800	0	20000	1500	0
30299	30300	88	0	4000	0	0	4800	0	20000	1500	0
30499	30500	89	0	4800	0	0	4200	0	20000	1500	0
31899	31900	87	0	5600	0	0	4800	0	20000	1500	0
53499	53500	91	0	7200	0	0	4800	0	40000	1500	0
50099	50100	90	0	3200	0	0	5400	0	40000	1500	0
50899	50900	91	0	4000	0	0	5400	0	40000	1500	0
67499	67500	91	0	6200	0	0	4800	15000	40000	1500	0
67299	67300	91	0	5400	0	0	5400	15000	40000	1500	0
52999	53000	92	0	4000	0	0	6000	0	40000	3000	0
53199	53200	96	0	4800	0	0	5400	0	40000	3000	0
53999	54000	98	0	5600	0	0	5400	0	40000	3000	0
53999	54000	98	0	5600	0	0	5400	0	40000	3000	0
54799	54800	99	0	6400	0	0	5400	0	40000	3000	0
54199	54200	98	0	6400	0	0	4800	0	40000	3000	0
54199	54200	97	0	6400	0	0	4800	0	40000	3000	0
34399	34400	96	0	7200	0	0	4200	0	20000	3000	0
32299	32300	95	0	7200	0	0	3600	0	20000	1500	0
12199	12200	93	0	5600	0	0	3600	0	0	3000	0
11399	11400	92	0	4800	0	0	3600	0	0	3000	0
27199	27200	90	0	6200	0	0	3000	15000	0	3000	0
26399	26400	89	0	5400	0	0	3000	15000	0	3000	0
27199	27200	90	0	6200	0	0	3000	15000	0	3000	0
10799	10800	91	0	4800	0	0	3000	0	0	3000	0
9799	9800	90	0	3200	0	0	3600	0	0	3000	0
10399	10400	91	0	3200	0	0	4200	0	0	3000	0
11199	11200	91	0	4000	0	0	4200	0	0	3000	0
11199	11200	91	0	4000	0	0	4200	0	0	3000	0
11999	12000	91	0	4800	0	0	4200	0	0	3000	0
13599	13600	89	0	6400	0	0	4200	0	0	3000	0
15199	15200	93	0	8000	0	0	4200	0	0	3000	0
15799	15800	93	0	8000	0	0	4800	0	0	3000	0
14199	14200	91	0	6400	0	0	4800	0	0	3000	0
16599	16600	92	0	8800	0	0	4800	0	0	3000	0
33599	33600	89	0	10200	0	0	5400	15000	0	3000	0
16399	16400	89	0	8000	0	0	5400	0	0	3000	0
15799	15800	89	0	8000	0	0	4800	0	0	3000	0
14799	14800	90	0	6400	0	0	5400	0	0	3000	0
30399	30400	89	0	7000	0	0	5400	15000	0	3000	0
27999	28000	88	0	4600	0	0	5400	15000	0	3000	0
26199	26200	86	0	2200	0	0	6000	15000	0	3000	0
27999	28000	89	0	4600	0	0	5400	15000	0	3000	0
29599	29600	91	0	6200	0	0	5400	15000	0	3000	0
28199	28200	90	0	5400	0	0	4800	15000	0	3000	0
27599	27600	90	0	5400	0	0	4200	15000	0	3000	0
27599	27600	90	0	5400	0	0	4200	15000	0	3000	0
28399	28400	91	0	6200	0	0	4200	15000	0	3000	0
11999	12000	90	0	4800	0	0	4200	0	0	3000	0
11999	12000	92	0	4800	0	0	4200	0	0	3000	0
28499	28500	89	0	7800	0	0	4200	15000	0	1500	0
26899	26900	87	0	6200	0	0	4200	15000	0	1500	0
27699	27700	87	0	7000	0	0	4200	15000	0	1500	0
26899	26900	87	0	6200	0	0	4200	15000	0	1500	0
47499	47500	86	0	6200	0	0	4800	15000	20000	1500	0
46499	46500	86	0	4600	0	0	5400	15000	20000	1500	0
45499	45500	87	0	3000	0	0	6000	15000	20000	1500	0
46199	46200	90	0	2200	0	0	6000	15000	20000	3000	0
46999	47000	93	0	3000	0	0	6000	15000	20000	3000	0
64199	64200	98	0	4600	0	0	6600	30000	20000	3000	0
26199	26200	97	0	1600	0	0	6600	15000	0	3000	0
26999	27000	98	0	2400	0	0	6600	15000	0	3000	0
27999	28000	98	0	4000	0	0	6000	15000	0	3000	0
29598	29600	101	0	5600	0	0	6000	15000	0	3000	0
11599	11600	99	0	3200	0	0	5400	0	0	3000	0
11598	11600	100	0	3200	0	0	5400	0	0	3000	0
11598	11600	100	0	3200	0	0	5400	0	0	3000	0
12598	12600	100	0	4800	0	0	4800	0	0	3000	0
12798	12800	100	0	5600	0	0	4200	0	0	3000	0
12199	12200	99	0	5600	0	0	3600	0	0	3000	0
11199	11200	99	0	4000	0	0	4200	0	0	3000	0
25999	26000	98	0	3800	0	0	4200	15000	0	3000	0
26799	26800	98	0	4600	0	0	4200	15000	0	3000	0
9599	9600	98	0	2400	0	0	4200	0	0	3000	0
11199	11200	95	0	4000	0	0	4200	0	0	3000	0
13399	13400	97	0	5600	0	0	4800	0	0	3000	0
10999	11000	95	0	3200	0	0	4800	0	0	3000	0
11799	11800	95	0	4000	0	0	4800	0	0	3000	0
10999	11000	95	0	3200	0	0	4800	0	0	3000	0
11799	11800	95	0	4000	0	0	4800	0	0	3000	0
13199	13200	96	0	4800	0	0	5400	0	0	3000	0
13799	13800	97	0	4800	0	0	6000	0	0	3000	0
12999	13000	96	0	4000	0	0	6000	0	0	3000	0
11599	11600	94	0	3200	0	0	5400	0	0	3000	0
9399	9400	89	0	1600	0	0	4800	0	0	3000	0
10199	10200	91	0	2400	0	0	4800	0	0	3000	0
9199	9200	90	0	800	0	0	5400	0	0	3000	0
10799	10800	90	0	2400	0	0	5400	0	0	3000	0
9999	10000	88	0	1600	0	0	5400	0	0	3000	0
9999	10000	89	0	1600	0	0	5400	0	0	3000	0
9999	10000	89	0	1600	0	0	5400	0	0	3000	0
9999	10000	89	0	1600	0	0	5400	0	0	3000	0
9999	10000	88	0	1600	0	0	5400	0	0	3000	0
9999	10000	88	0	1600	0	0	5400	0	0	3000	0
7099	7100	86	0	800	0	0	4800	0	0	1500	0
9899	9900	91	0	2400	0	0	6000	0	0	1500	0
9899	9900	90	0	2400	0	0	6000	0	0	1500	0
8499	8500	88	0	1600	0	0	5400	0	0	1500	0
8499	8500	88	0	1600	0	0	5400	0	0	1500	0
8699	8700	86	0	2400	0	0	4800	0	0	1500	0
7299	7300	85	0	1600	0	0	4200	0	0	1500	0
26499	26500	84	0	800	0	0	4200	0	20000	1500	0
26499	26500	84	0	800	0	0	4200	0	20000	1500	0
27299	27300	85	0	1600	0	0	4200	0	20000	1500	0
28899	28900	86	0	3200	0	0	4200	0	20000	1500	0
27299	27300	85	0	1600	0	0	4200	0	20000	1500	0
29099	29100	88	0	4000	0	0	3600	0	20000	1500	0
31699	31700	90	0	7200	0	0	3000	0	20000	1500	0
30499	30500	89	0	4800	0	0	4200	0	20000	1500	0
30499	30500	89	0	4800	0	0	4200	0	20000	1500	0
29699	29700	87	0	4000	0	0	4200	0	20000	1500	0
29099	29100	90	0	4000	0	0	3600	0	20000	1500	0
29699	29700	89	0	4000	0	0	4200	0	20000	1500	0
31499	31500	90	0	6400	0	0	3600	0	20000	1500	0
31499	31500	90	0	6400	0	0	3600	0	20000	1500	0
29599	29600	86	0	2400	0	0	4200	0	20000	3000	0
48599	48600	87	0	7000	0	0	3600	15000	20000	3000	0
47799	47800	86	0	6200	0	0	3600	15000	20000	3000	0
28199	28200	85	0	1600	0	0	3600	0	20000	3000	0
30399	30400	87	0	3200	0	0	4200	0	20000	3000	0
30999	31000	88	0	3200	0	0	4800	0	20000	3000	0
30799	30800	87	0	2400	0	0	5400	0	20000	3000	0
31199	31200	87	0	4000	0	0	4200	0	20000	3000	0
30399	30400	87	0	3200	0	0	4200	0	20000	3000	0
28799	28800	83	0	1600	0	0	4200	0	20000	3000	0
28599	28600	85	0	800	0	0	4800	0	20000	3000	0
44999	45000	84	0	2200	0	0	4800	15000	20000	3000	0
44799	44800	84	0	1400	0	0	5400	15000	20000	3000	0
47799	47800	86	0	3800	0	0	6000	15000	20000	3000	0
46299	46300	86	0	3800	0	0	6000	15000	20000	1500	0
29899	29900	87	0	2400	0	0	6000	0	20000	1500	0
46499	46500	86	0	4600	0	0	5400	15000	20000	1500	0
30099	30100	86	0	3200	0	0	5400	0	20000	1500	0
29099	29100	84	0	1600	0	0	6000	0	20000	1500	0
29299	29300	84	0	2400	0	0	5400	0	20000	1500	0
31099	31100	84	0	4800	0	0	4800	0	20000	1500	0
30299	30300	84	0	4000	0	0	4800	0	20000	1500	0
29499	29500	84	0	3200	0	0	4800	0	20000	1500	0
31299	31300	84	0	5600	0	0	4200	0	20000	1500	0
32899	32900	85	0	7200	0	0	4200	0	20000	1500	0
32699	32700	85	0	6400	0	0	4800	0	20000	1500	0
31899	31900	83	0	5600	0	0	4800	0	20000	1500	0
30899	30900	83	0	4000	0	0	5400	0	20000	1500	0
31699	31700	83	0	4800	0	0	5400	0	20000	1500	0
29299	29300	82	0	2400	0	0	5400	0	20000	1500	0
29899	29900	84	0	2400	0	0	6000	0	20000	1500	0
47499	47500	86	0	5600	0	0	5400	15000	20000	1500	0
46099	46100	85	0	4800	0	0	4800	15000	20000	1500	0
46099	46100	86	0	4800	0	0	4800	15000	20000	1500	0
46299	46300	87	0	5600	0	0	4200	15000	20000	1500	0
48399	48400	88	0	5600	0	0	4800	15000	20000	3000	0
32399	32400	87	0	4000	0	0	5400	0	20000	3000	0
31099	31100	89	0	4800	0	0	4800	0	20000	1500	0
30499	30500	88	0	4800	0	0	4200	0	20000	1500	0
31299	31300	87	0	5600	0	0	4200	0	20000	1500	0
30999	31000	87	0	3200	0	0	4800	0	20000	3000	0
30399	30400	87	0	3200	0	0	4200	0	20000	3000	0
30199	30200	87	0	2400	0	0	4800	0	20000	3000	0
30199	30200	90	0	2400	0	0	4800	0	20000	3000	0
30999	31000	89	0	3200	0	0	4800	0	20000	3000	0
49799	49800	90	0	7000	0	0	4800	15000	20000	3000	0
33399	33400	92	0	5600	0	0	4800	0	20000	3000	0
48199	48200	93	0	4800	0	0	5400	15000	20000	3000	0
48199	48200	93	0	4800	0	0	5400	15000	20000	3000	0
48199	48200	92	0	4800	0	0	5400	15000	20000	3000	0
49599	49600	90	0	5600	0	0	6000	15000	20000	3000	0
50399	50400	91	0	6400	0	0	6000	15000	20000	3000	0
48499	48500	88	0	7200	0	0	4800	15000	20000	1500	0
46699	46700	89	0	4800	0	0	5400	15000	20000	1500	0
44599	44600	89	0	4800	0	0	4800	15000	20000	0	0
43799	43800	88	0	4000	0	0	4800	15000	20000	0	0
43999	44000	88	0	4800	0	0	4200	15000	20000	0	0
45199	45200	90	0	4800	0	0	5400	15000	20000	0	0
45199	45200	90	0	4800	0	0	5400	15000	20000	0	0
45199	45200	90	0	4800	0	0	5400	15000	20000	0	0
66799	66800	92	0	6400	0	0	5400	15000	40000	0	0
66799	66800	92	0	6400	0	0	5400	15000	40000	0	0
81399	81400	89	0	5400	0	0	6000	30000	40000	0	0
83799	83800	88	0	7800	0	0	6000	30000	40000	0	0
83999	84000	88	0	8600	0	0	5400	30000	40000	0	0
84599	84600	88	0	8600	0	0	6000	30000	40000	0	0
49599	49600	87	0	4800	0	0	4800	0	40000	0	0
48199	48200	87	0	4000	0	0	4200	0	40000	0	0
46799	46800	85	0	3200	0	0	3600	0	40000	0	0
46799	46800	85	0	3200	0	0	3600	0	40000	0	0
47399	47400	87	0	3200	0	0	4200	0	40000	0	0
28199	28200	86	0	4000	0	0	4200	0	20000	0	0
27599	27600	86	0	4000	0	0	3600	0	20000	0	0
29999	30000	88	0	6400	0	0	3600	0	20000	0	0
29199	29200	87	0	5600	0	0	3600	0	20000	0	0
29199	29200	85	0	5600	0	0	3600	0	20000	0	0
28199	28200	85	0	4000	0	0	4200	0	20000	0	0
28999	29000	86	0	4800	0	0	4200	0	20000	0	0
8999	9000	86	0	4800	0	0	4200	0	0	0	0
8399	8400	85	0	4800	0	0	3600	0	0	0	0
9799	9800	87	0	5600	0	0	4200	0	0	0	0
11899	11900	89	0	5600	0	0	4800	0	0	1500	0
10299	10300	87	0	4000	0	0	4800	0	0	1500	0
8299	8300	84	0	3200	0	0	3600	0	0	1500	0
8099	8100	84	0	2400	0	0	4200	0	0	1500	0
10499	10500	87	0	4800	0	0	4200	0	0	1500	0
11299	11300	88	0	5600	0	0	4200	0	0	1500	0
12099	12100	90	0	6400	0	0	4200	0	0	1500	0
12099	12100	90	0	6400	0	0	4200	0	0	1500	0
11899	11900	90	0	5600	0	0	4800	0	0	1500	0
11099	11100	89	0	4800	0	0	4800	0	0	1500	0
10499	10500	88	0	4800	0	0	4200	0	0	1500	0
10299	10300	89	0	4000	0	0	4800	0	0	1500	0
9699	9700	88	0	4000	0	0	4200	0	0	1500	0
9899	9900	88	0	4800	0	0	3600	0	0	1500	0
26499	26500	88	0	6400	0	0	3600	15000	0	1500	0
25499	25500	89	0	4800	0	0	4200	15000	0	1500	0
25699	25700	90	0	5600	0	0	3600	15000	0	1500	0
26499	26500	91	0	6400	0	0	3600	15000	0	1500	0
47294	47300	92	1	7200	0	0	3600	15000	20000	1500	0
47299	47300	91	0	7200	0	0	3600	15000	20000	1500	0
47099	47100	91	0	6400	0	0	4200	15000	20000	1500	0
48499	48500	93	0	7200	0	0	4800	15000	20000	1500	0
30299	30300	93	0	4000	0	0	4800	0	20000	1500	0
29499	29500	91	0	3200	0	0	4800	0	20000	1500	0
29499	29500	90	0	3200	0	0	4800	0	20000	1500	0
30299	30300	91	0	4000	0	0	4800	0	20000	1500	0
29699	29700	90	0	4000	0	0	4200	0	20000	1500	0
30499	30500	90	0	4800	0	0	4200	0	20000	1500	0
31299	31300	91	0	5600	0	0	4200	0	20000	1500	0
28899	28900	90	0	3200	0	0	4200	0	20000	1500	0
28699	28700	90	0	2400	0	0	4800	0	20000	1500	0
30899	30900	91	0	4000	0	0	5400	0	20000	1500	0
30099	30100	92	0	3200	0	0	5400	0	20000	1500	0
29299	29300	92	0	2400	0	0	5400	0	20000	1500	0
27899	27900	90	0	1600	0	0	4800	0	20000	1500	0
29199	29200	91	0	800	0	0	5400	0	20000	3000	0
30999	31000	93	0	3200	0	0	4800	0	20000	3000	0
30799	30800	93	0	2400	0	0	5400	0	20000	3000	0
30799	30800	93	0	2400	0	0	5400	0	20000	3000	0
30799	30800	92	0	2400	0	0	5400	0	20000	3000	0
29399	29400	92	0	1600	0	0	4800	0	20000	3000	0
30799	30800	94	0	2400	0	0	5400	0	20000	3000	0
30799	30800	94	0	2400	0	0	5400	0	20000	3000	0
32399	32400	95	0	4000	0	0	5400	0	20000	3000	0
31599	31600	95	0	3200	0	0	5400	0	20000	3000	0
28899	28900	93	0	3200	0	0	4200	0	20000	1500	0
31299	31300	94	0	5600	0	0	4200	0	20000	1500	0
31299	31300	94	0	5600	0	0	4200	0	20000	1500	0
31099	31100	93	0	4800	0	0	4800	0	20000	1500	0
32899	32900	94	0	7200	0	0	4200	0	20000	1500	0
29899	29900	91	0	4800	0	0	3600	0	20000	1500	0
29899	29900	90	0	4800	0	0	3600	0	20000	1500	0
31499	31500	89	0	6400	0	0	3600	0	20000	1500	0
31299	31300	88	0	5600	0	0	4200	0	20000	1500	0
63499	63500	88	0	7800	0	0	4200	30000	20000	1500	0
62699	62700	88	0	7000	0	0	4200	30000	20000	1500	0
44699	44700	86	0	4000	0	0	4200	15000	20000	1500	0
44899	44900	86	0	4800	0	0	3600	15000	20000	1500	0
44499	44500	86	0	3200	0	0	4800	15000	20000	1500	0
45299	45300	87	0	4000	0	0	4800	15000	20000	1500	0
45299	45300	87	0	4000	0	0	4800	15000	20000	1500	0
45099	45100	84	0	3200	0	0	5400	15000	20000	1500	0
47999	48000	84	0	4000	0	0	6000	15000	20000	3000	0
47199	47200	84	0	3200	0	0	6000	15000	20000	3000	0
47799	47800	85	0	3200	0	0	6600	15000	20000	3000	0
46699	46700	85	0	4800	0	0	5400	15000	20000	1500	0
29499	29500	82	0	3200	0	0	4800	0	20000	1500	0
30299	30300	84	0	4000	0	0	4800	0	20000	1500	0
29499	29500	84	0	3200	0	0	4800	0	20000	1500	0
30499	30500	84	0	4800	0	0	4200	0	20000	1500	0
30899	30900	85	0	4000	0	0	5400	0	20000	1500	0
30299	30300	84	0	4000	0	0	4800	0	20000	1500	0
30299	30300	84	0	4000	0	0	4800	0	20000	1500	0
31699	31700	85	0	4800	0	0	5400	0	20000	1500	0
32499	32500	86	0	5600	0	0	5400	0	20000	1500	0
34099	34100	88	0	7200	0	0	5400	0	20000	1500	0
31099	31100	85	0	4800	0	0	4800	0	20000	1500	0
29499	29500	82	0	3200	0	0	4800	0	20000	1500	0
30299	30300	84	0	4000	0	0	4800	0	20000	1500	0
29499	29500	83	0	3200	0	0	4800	0	20000	1500	0
45299	45300	83	0	4000	0	0	4800	15000	20000	1500	0
43899	43900	83	0	3200	0	0	4200	15000	20000	1500	0
28099	28100	83	0	2400	0	0	4200	0	20000	1500	0
28699	28700	83	0	2400	0	0	4800	0	20000	1500	0
32499	32500	83	0	5600	0	0	5400	0	20000	1500	0
30299	30300	82	0	4000	0	0	4800	0	20000	1500	0
30899	30900	84	0	4000	0	0	5400	0	20000	1500	0
30099	30100	85	0	3200	0	0	5400	0	20000	1500	0
28694	28700	85	1	2400	0	0	4800	0	20000	1500	0
28694	28700	88	1	2400	0	0	4800	0	20000	1500	0
28094	28100	90	1	2400	0	0	4200	0	20000	1500	0
29694	29700	91	1	4000	0	0	4200	0	20000	1500	0
28099	28100	91	0	2400	0	0	4200	0	20000	1500	0
28299	28300	91	0	3200	0	0	3600	0	20000	1500	0
28899	28900	93	0	3200	0	0	4200	0	20000	1500	0
28299	28300	93	0	3200	0	0	3600	0	20000	1500	0
28299	28300	92	0	3200	0	0	3600	0	20000	1500	0
27494	27500	89	1	2400	0	0	3600	0	20000	1500	0
27694	27700	87	1	3200	0	0	3000	0	20000	1500	0
44094	44100	85	1	4600	0	0	3000	15000	20000	1500	0
44894	44900	86	1	5400	0	0	3000	15000	20000	1500	0
44694	44700	85	1	4600	0	0	3600	15000	20000	1500	0
44699	44700	85	0	4600	0	0	3600	15000	20000	1500	0
28294	28300	87	1	3200	0	0	3600	0	20000	1500	0
27594	27600	88	1	4000	0	0	3600	0	20000	0	0
28394	28400	89	1	4800	0	0	3600	0	20000	0	0
28194	28200	89	1	4000	0	0	4200	0	20000	0	0
28994	29000	88	1	4800	0	0	4200	0	20000	0	0
31094	31100	89	1	4800	0	0	4800	0	20000	1500	0
29494	29500	87	1	3200	0	0	4800	0	20000	1500	0
29694	29700	89	1	4000	0	0	4200	0	20000	1500	0
30494	30500	89	1	4800	0	0	4200	0	20000	1500	0
31094	31100	88	1	4800	0	0	4800	0	20000	1500	0
32594	32600	89	1	4800	0	0	4800	0	20000	3000	0
31194	31200	87	1	4000	0	0	4200	0	20000	3000	0
30199	30200	86	0	2400	0	0	4800	0	20000	3000	0
28699	28700	86	0	2400	0	0	4800	0	20000	1500	0
27299	27300	85	0	1600	0	0	4200	0	20000	1500	0
28899	28900	86	0	3200	0	0	4200	0	20000	1500	0
29099	29100	86	0	4000	0	0	3600	0	20000	1500	0
