112
111
113
116
116
112
113
107
107
108
106
106
107
106
106
106
107
109
109
112
112
111
111
109
110
104
100
101
101
99
97
98
494
436
420
402
389
345
328
310
282
282
283
278
258
226
207
207
187
168
168
149
133
135
136
136
136
136
118
117
117
117
100
99
99
100
99
99
99
93
91
93
88
87
86
86
87
87
88
89
89
90
90
90
91
91
92
90
90
90
88
90
90
89
89
89
89
91
91
87
89
89
89
89
90
90
87
90
90
90
91
92
90
93
93
92
91
92
92
92
89
90
91
91
90
89
90
89
89
87
86
82
82
82
83
85
83
82
484
449
410
370
352
343
330
301
285
257
241
236
236
236
236
216
196
195
195
140
132
134
117
119
107
108
108
106
106
107
102
101
101
100
97
97
97
96
95
91
89
89
83
89
90
92
92
93
92
93
96
90
89
92
90
86
87
87
88
89
89
89
89
88
93
94
95
95
95
95
96
97
98
98
97
98
97
97
97
100
98
97
94
93
91
92
91
91
92
91
88
90
92
92
92
90
86
85
85
88
89
88
87
86
87
85
84
84
84
85
84
489
447
427
367
327
295
269
250
250
225
225
208
205
185
162
162
162
162
145
147
131
128
129
116
103
106
108
108
93
93
93
93
94
92
96
98
98
98
96
98
101
103
103
103
100
101
100
100
99
94
94
94
94
95
94
91
96
92
92
94
94
94
92
92
91
90
89
90
90
90
91
90
90
89
90
88
88
86
88
89
88
85
86
87
87
86
88
87
86
86
87
517
465
427
409
405
353
333
313
293
280
246
242
223
224
205
205
185
166
167
167
148
147
136
105
106
105
100
101
91
93
94
91
92
90
89
89
91
92
93
92
88
90
90
88
86
87
87
87
92
92
92
90
90
88
90
94
94
92
93
91
90
89
89
84
84
82
84
84
80
78
80
81
79
80
83
84
82
85
84
84
84
84
83
83
83
79
81
82
82
84
85
86
84
84
86
87
87
87
86
85
87
85
82
82
83
83
84
84
84
86
86
89
89
89
89
89
89
90
91
92
93
92
91
90
92
91
89
88
88
89
89
87
90
92
91
91
91
91
90
87
87
480
436
403
372
372
366
328
285
272
255
223
204
165
162
145
129
129
113
113
112
107
89
86
89
85
88
89
90
90
88
88
85
85
86
84
83
84
84
84
85
87
85
87
86
87
86
87
84
84
87
87
87
88
89
88
88
89
88
85
87
88
84
85
85
84
84
84
84
84
85
500
479
450
430
405
385
345
307
269
252
235
215
215
204
185
169
169
168
166
166
164
147
147
126
128
129
118
119
117
118
118
118
119
119
112
108
111
109
109
108
109
110
111
111
112
114
105
106
106
107
109
111
111
102
106
104
105
108
108
107
101
100
102
102
102
103
101
102
102
98
97
96
98
98
99
99
98
97
101
521
486
468
441
383
346
326
307
267
267
259
240
239
219
207
186
172
152
140
141
143
144
144
139
128
128
128
129
115
115
116
106
109
112
111
111
113
101
102
101
101
101
100
100
97
97
98
99
94
