Worker: 1 has 532 347 1580 in sizes
Worker: 2 has 1580 1580 1580 in sizes
Worker: 3 has 1063 347 1580 in sizes
Worker: 4 has 557 165 779 in sizes
Worker: 5 has 261 130 531 in sizes
Worker: 6 has 532 130 1580 in sizes
Worker: 7 has 261 130 531 in sizes
Worker: 8 has 261 29 531 in sizes
Worker: 9 has 115 12 247 in sizes
Worker: 10 has 532 130 1580 in sizes
Worker: 11 has 9 8 8 in sizes
Worker: 12 has 1063 347 1580 in sizes
Worker: 13 has 771 92 1190 in sizes
Worker: 14 has 265 29 489 in sizes
Worker: 15 has 51 18 120 in sizes
Worker: 16 has 495 130 843 in sizes
Worker: 17 has 237 69 267 in sizes
Worker: 18 has 532 279 1580 in sizes
Worker: 19 has 495 47 843 in sizes
Worker: 20 has 532 130 1580 in sizes
Worker: 21 has 227 227 227 in sizes
Worker: 22 has 2 1 1 in sizes
Worker: 23 has 3 2 2 in sizes
Worker: 24 has 11 5 47 in sizes
Worker: 25 has 1063 279 1580 in sizes
Worker: 26 has 5 4 4 in sizes
Worker: 27 has 213 106 425 in sizes
Worker: 28 has 2 2 2 in sizes
Worker: 29 has 426 106 1281 in sizes
Worker: 30 has 127 126 455 in sizes
Worker: 31 has 495 130 843 in sizes
Worker: 32 has 261 29 531 in sizes
Worker: 33 has 72 45 306 in sizes
Worker: 34 has 425 425 425 in sizes
Worker: 35 has 91 20 221 in sizes
Worker: 36 has 55 27 101 in sizes
Worker: 37 has 1063 347 1580 in sizes
Worker: 38 has 3 1 1 in sizes
Worker: 39 has 2 1 1 in sizes
Number of librarians assigned: block, PL, HB, BokB
2 2 2 2 3 3 3   	0 1 1 1 0 0 0   	0 0 0 0 0 0 0   	0 0 0 0 0 0 0   	
4 3 3 3 3 0 0   	0 0 0 0 0 0 0   	0 0 0 0 0 0 0   	0 0 0 0 0 0 0   	
4 3 3 5 5 0 0   	0 0 0 0 0 0 0   	0 0 0 0 0 0 0   	0 0 0 0 0 0 0   	
3 4 4 3 3 0 0   	0 0 0 0 0 0 0   	0 0 0 0 0 0 0   	0 0 0 0 0 0 0   	


3 2 2 2 3 3 3   	1 0 0 1 0 0 0   	0 0 0 0 0 1 1   	0 0 0 0 0 0 0   	
3 3 3 3 3 0 0   	0 0 0 0 0 0 0   	0 0 0 0 0 0 0   	0 0 0 0 0 0 0   	
3 3 5 4 5 0 0   	0 0 0 0 0 0 0   	0 0 0 0 0 0 0   	0 0 0 0 0 0 0   	
3 4 4 3 3 0 0   	0 0 0 0 0 0 0   	0 0 0 0 0 0 0   	0 0 0 0 0 0 0   	


2 2 2 3 2 4 4   	0 0 0 0 0 0 0   	0 0 0 0 0 0 0   	0 0 0 0 0 0 0   	
5 4 4 3 4 0 0   	0 0 0 0 0 0 0   	0 0 0 0 0 0 0   	0 0 0 0 0 0 0   	
3 3 4 4 5 0 0   	0 0 0 0 0 0 0   	0 0 0 0 0 0 0   	0 0 0 0 0 0 0   	
3 4 4 3 4 0 0   	0 0 0 0 0 0 0   	0 0 0 0 0 0 0   	0 0 0 0 0 0 0   	


3 2 2 2 2 3 3   	1 0 1 1 0 0 0   	0 0 0 0 0 1 1   	0 0 0 0 0 0 0   	
4 3 4 3 3 0 0   	0 0 0 0 0 0 0   	0 0 0 0 0 0 0   	0 0 0 0 0 0 0   	
3 4 3 3 4 0 0   	0 0 0 0 0 0 0   	0 0 0 0 0 0 0   	0 0 0 0 0 0 0   	
3 4 4 4 3 0 0   	0 0 0 0 0 0 0   	0 0 0 0 0 0 0   	0 0 0 0 0 0 0   	


2 2 2 2 2 4 4   	1 0 0 0 0 0 0   	0 0 0 0 0 0 0   	0 0 0 0 0 0 0   	
4 3 3 3 4 0 0   	0 0 0 0 0 0 0   	0 0 0 0 0 0 0   	0 0 0 0 0 0 0   	
4 3 5 5 3 0 0   	0 0 0 0 0 0 0   	0 0 0 0 0 0 0   	0 0 0 0 0 0 0   	
3 4 4 3 4 0 0   	0 0 0 0 0 0 0   	0 0 0 0 0 0 0   	0 0 0 0 0 0 0   	


Number of assistants assigned: block, PL, HB, BokB
2 2 2 2 1 3 3   	1 0 0 0 0 0 0   	0 0 0 0 0 0 0   	0 0 0 0 0 0 0   	
2 3 3 3 3 0 0   	0 0 0 0 0 0 0   	0 0 0 0 0 0 0   	0 0 0 0 0 0 0   	
2 3 3 1 1 0 0   	0 0 0 0 0 0 0   	0 0 0 0 0 0 0   	0 0 0 0 0 0 0   	
3 2 2 3 3 0 0   	0 0 0 0 0 0 0   	0 0 0 0 0 0 0   	0 0 0 0 0 0 0   	


1 2 2 2 1 3 3   	0 0 1 0 1 0 0   	0 0 0 0 0 0 0   	0 0 0 0 0 0 0   	
3 3 3 3 3 0 0   	0 0 0 0 0 0 0   	0 0 0 0 0 0 0   	0 0 0 0 0 0 0   	
3 3 1 2 1 0 0   	0 0 0 0 0 0 0   	0 0 0 0 0 0 0   	0 0 0 0 0 0 0   	
3 2 2 3 3 0 0   	0 0 0 0 0 0 0   	0 0 0 0 0 0 0   	0 0 0 0 0 0 0   	


2 2 2 1 2 2 2   	1 1 1 1 1 0 0   	0 0 0 0 0 0 0   	0 0 0 0 0 0 0   	
1 2 2 3 2 0 0   	0 0 0 0 0 0 0   	0 0 0 0 0 0 0   	0 0 0 0 0 0 0   	
3 3 2 2 1 0 0   	0 0 0 0 0 0 0   	0 0 0 0 0 0 0   	0 0 0 0 0 0 0   	
3 2 2 3 2 0 0   	0 0 0 0 0 0 0   	0 0 0 0 0 0 0   	0 0 0 0 0 0 0   	


1 2 2 2 2 3 3   	0 1 0 0 1 0 0   	0 0 0 0 0 0 0   	0 0 0 0 0 0 0   	
2 3 2 3 3 0 0   	0 0 0 0 0 0 0   	0 0 0 0 0 0 0   	0 0 0 0 0 0 0   	
3 2 3 3 2 0 0   	0 0 0 0 0 0 0   	0 0 0 0 0 0 0   	0 0 0 0 0 0 0   	
3 2 2 2 3 0 0   	0 0 0 0 0 0 0   	0 0 0 0 0 0 0   	0 0 0 0 0 0 0   	


2 2 2 2 2 3 3   	0 1 0 0 0 0 0   	0 0 0 0 0 0 0   	0 0 0 0 0 0 0   	
2 3 3 3 2 0 0   	0 0 0 0 0 0 0   	0 0 0 0 0 0 0   	0 0 0 0 0 0 0   	
2 3 1 1 3 0 0   	0 0 0 0 0 0 0   	0 0 0 0 0 0 0   	0 0 0 0 0 0 0   	
3 2 2 3 3 0 0   	0 0 0 0 0 0 0   	0 0 0 0 0 0 0   	0 0 0 0 0 0 0   	



*** Demand difference *** in the library for: block, PL, HB, BokB
Negative values means overstaffing, positive means lack of workers
0 0 0 0 0 0 0   	0 0 0 0 1 0 0   	0 0 0 0 0 1 1   	0 0 0 0 0 0 0   	
0 0 0 0 0 0 0   	0 0 0 0 0 0 0   	0 0 0 0 0 0 0   	0 0 0 0 0 0 0   	
0 0 0 0 0 0 0   	0 0 0 0 0 0 0   	0 0 0 0 0 0 0   	0 0 0 0 0 0 0   	
0 0 0 0 0 0 0   	0 0 0 0 0 0 0   	0 0 0 0 0 0 0   	0 0 0 0 0 0 0   	


0 0 0 0 0 0 0   	0 1 0 0 0 0 0   	0 0 0 0 0 0 0   	0 0 0 0 0 0 0   	
0 0 0 0 0 0 0   	0 0 0 0 0 0 0   	0 0 0 0 0 0 0   	0 0 0 0 0 0 0   	
0 0 0 0 0 0 0   	0 0 0 0 0 0 0   	0 0 0 0 0 0 0   	0 0 0 0 0 0 0   	
0 0 0 0 0 0 0   	0 0 0 0 0 0 0   	0 0 0 0 0 0 0   	0 0 0 0 0 0 0   	


0 0 0 0 0 0 0   	0 0 0 0 0 0 0   	0 0 0 0 0 1 1   	0 0 0 0 0 0 0   	
0 0 0 0 0 0 0   	0 0 0 0 0 0 0   	0 0 0 0 0 0 0   	0 0 0 0 0 0 0   	
0 0 0 0 0 0 0   	0 0 0 0 0 0 0   	0 0 0 0 0 0 0   	0 0 0 0 0 0 0   	
0 0 0 0 0 0 0   	0 0 0 0 0 0 0   	0 0 0 0 0 0 0   	0 0 0 0 0 0 0   	


0 0 0 0 0 0 0   	0 0 0 0 0 0 0   	0 0 0 0 0 0 0   	0 0 0 0 0 0 0   	
0 0 0 0 0 0 0   	0 0 0 0 0 0 0   	0 0 0 0 0 0 0   	0 0 0 0 0 0 0   	
0 0 0 0 0 0 0   	0 0 0 0 0 0 0   	0 0 0 0 0 0 0   	0 0 0 0 0 0 0   	
0 0 0 0 0 0 0   	0 0 0 0 0 0 0   	0 0 0 0 0 0 0   	0 0 0 0 0 0 0   	


0 0 0 0 0 -1 -1   	0 0 1 1 1 0 0   	0 0 0 0 0 1 1   	0 0 0 0 0 0 0   	
0 0 0 0 0 0 0   	0 0 0 0 0 0 0   	0 0 0 0 0 0 0   	0 0 0 0 0 0 0   	
0 0 0 0 0 0 0   	0 0 0 0 0 0 0   	0 0 0 0 0 0 0   	0 0 0 0 0 0 0   	
0 0 0 0 -1 0 0   	0 0 0 0 0 0 0   	0 0 0 0 0 0 0   	0 0 0 0 0 0 0   	


#PL for worker 1 is: 1
#PL for worker 2 is: 1
#PL for worker 6 is: 1
#PL for worker 7 is: 1
#PL for worker 10 is: 1
#PL for worker 13 is: 1
#PL for worker 14 is: 1
#PL for worker 17 is: 1
#PL for worker 18 is: 2
#PL for worker 19 is: 1
#PL for worker 20 is: 1
#PL for worker 25 is: 1
#PL for worker 27 is: 1
#PL for worker 29 is: 1
#PL for worker 30 is: 1
#PL for worker 31 is: 1
#PL for worker 33 is: 1
#PL for worker 34 is: 1
#PL for worker 35 is: 1
lib_per_rot = 4 4 5 4 4 
ass_per_rot = 3 3 2 3 3 
Stand-ins Week 0
4 2 6 2 2 
Libs
3 2 5 2 2 
Ass
1 0 1 0 0 

Stand-ins Week 1
1 2 2 3 0 
Libs
1 2 2 3 0 
Ass
0 0 0 0 0 

Stand-ins Week 2
3 2 6 5 4 
Libs
2 1 5 2 3 
Ass
1 1 1 3 1 

Stand-ins Week 3
6 3 6 5 5 
Libs
4 2 3 4 4 
Ass
2 1 3 1 1 

Stand-ins Week 4
5 4 7 6 6 
Libs
3 2 5 4 5 
Ass
2 2 2 2 1 

Max(min stand-in) for this solution is: 0
Total number of stand-ins: 97
demand_tot_cost = 1400
demand_lib_cost (too few or too many) = 0
demand_ass_cost = 0
demand_PL_cost = 6000
demand_HB_cost = 45000
demand_evening_cost = 0
PL_amount_cost = 0
no_weekend_cost = 0

total_eval_cost = 52400
total_stand_in_cost = -1
*total_cost* = 52399
Best solution so far is 52400



***Best iteration number: 1***
Number of librarians assigned: block, PL, HB, BokB
2 3 2 2 3 3 3   	0 1 0 1 1 0 0   	0 0 0 0 0 1 1   	0 0 0 0 0 0 0   	
4 3 4 3 3 0 0   	0 0 0 0 0 0 0   	0 0 0 0 0 0 0   	0 0 0 0 0 0 0   	
3 3 4 5 4 0 0   	0 0 0 0 0 0 0   	0 0 0 0 0 0 0   	0 0 0 0 0 0 0   	
3 4 4 2 3 0 0   	0 0 0 0 0 0 0   	0 0 0 0 0 0 0   	0 0 0 0 0 0 0   	


3 2 3 2 3 3 3   	1 0 0 1 0 0 0   	0 0 0 0 0 1 1   	0 0 0 0 0 0 0   	
3 3 3 3 4 0 0   	0 0 0 0 0 0 0   	0 0 0 0 0 0 0   	0 0 0 0 0 0 0   	
3 4 4 4 4 0 0   	0 0 0 0 0 0 0   	0 0 0 0 0 0 0   	0 0 0 0 0 0 0   	
3 4 4 3 3 0 0   	0 0 0 0 0 0 0   	0 0 0 0 0 0 0   	0 0 0 0 0 0 0   	


2 2 2 3 2 5 5   	0 0 0 0 0 0 0   	0 0 0 0 0 0 0   	0 0 0 0 0 0 0   	
5 4 4 3 4 0 0   	0 0 0 0 0 0 0   	0 0 0 0 0 0 0   	0 0 0 0 0 0 0   	
3 4 4 4 5 0 0   	0 0 0 0 0 0 0   	0 0 0 0 0 0 0   	0 0 0 0 0 0 0   	
3 4 4 3 5 0 0   	0 0 0 0 0 0 0   	0 0 0 0 0 0 0   	0 0 0 0 0 0 0   	


3 2 2 3 2 3 3   	1 1 0 1 1 0 0   	0 0 0 0 0 1 1   	0 0 0 0 0 0 0   	
4 3 4 3 3 0 0   	0 0 0 0 0 0 0   	0 0 0 0 0 0 0   	0 0 0 0 0 0 0   	
3 4 4 3 3 0 0   	0 0 0 0 0 0 0   	0 0 0 0 0 0 0   	0 0 0 0 0 0 0   	
3 4 4 4 3 0 0   	0 0 0 0 0 0 0   	0 0 0 0 0 0 0   	0 0 0 0 0 0 0   	


2 3 2 2 2 3 3   	1 0 1 0 0 0 0   	0 0 0 0 0 1 1   	0 0 0 0 0 0 0   	
5 3 4 3 4 0 0   	0 0 0 0 0 0 0   	0 0 0 0 0 0 0   	0 0 0 0 0 0 0   	
4 4 4 5 3 0 0   	0 0 0 0 0 0 0   	0 0 0 0 0 0 0   	0 0 0 0 0 0 0   	
3 4 4 4 3 0 0   	0 0 0 0 0 0 0   	0 0 0 0 0 0 0   	0 0 0 0 0 0 0   	


Number of assistants assigned: block, PL, HB, BokB
2 1 2 2 1 3 3   	1 0 0 0 0 0 0   	0 0 0 0 0 0 0   	0 0 0 0 0 0 0   	
2 3 2 3 3 0 0   	0 0 0 0 0 0 0   	0 0 0 0 0 0 0   	0 0 0 0 0 0 0   	
2 3 2 1 2 0 0   	0 0 0 0 0 0 0   	0 0 0 0 0 0 0   	0 0 0 0 0 0 0   	
3 2 2 3 3 0 0   	0 0 0 0 0 0 0   	0 0 0 0 0 0 0   	0 0 0 0 0 0 0   	


1 2 1 2 1 3 3   	0 1 1 0 1 0 0   	0 0 0 0 0 0 0   	0 0 0 0 0 0 0   	
3 3 3 3 2 0 0   	0 0 0 0 0 0 0   	0 0 0 0 0 0 0   	0 0 0 0 0 0 0   	
3 2 2 2 2 0 0   	0 0 0 0 0 0 0   	0 0 0 0 0 0 0   	0 0 0 0 0 0 0   	
3 2 2 3 3 0 0   	0 0 0 0 0 0 0   	0 0 0 0 0 0 0   	0 0 0 0 0 0 0   	


2 2 2 1 2 2 2   	1 1 1 1 1 0 0   	0 0 0 0 0 0 0   	0 0 0 0 0 0 0   	
1 2 2 3 2 0 0   	0 0 0 0 0 0 0   	0 0 0 0 0 0 0   	0 0 0 0 0 0 0   	
3 2 2 2 1 0 0   	0 0 0 0 0 0 0   	0 0 0 0 0 0 0   	0 0 0 0 0 0 0   	
3 2 2 3 2 0 0   	0 0 0 0 0 0 0   	0 0 0 0 0 0 0   	0 0 0 0 0 0 0   	


1 2 2 1 2 3 3   	0 0 1 0 0 0 0   	0 0 0 0 0 0 0   	0 0 0 0 0 0 0   	
2 3 2 3 3 0 0   	0 0 0 0 0 0 0   	0 0 0 0 0 0 0   	0 0 0 0 0 0 0   	
3 2 2 3 3 0 0   	0 0 0 0 0 0 0   	0 0 0 0 0 0 0   	0 0 0 0 0 0 0   	
3 2 2 2 3 0 0   	0 0 0 0 0 0 0   	0 0 0 0 0 0 0   	0 0 0 0 0 0 0   	


2 1 2 2 2 3 3   	0 1 0 0 0 0 0   	0 0 0 0 0 0 0   	0 0 0 0 0 0 0   	
1 3 2 3 2 0 0   	0 0 0 0 0 0 0   	0 0 0 0 0 0 0   	0 0 0 0 0 0 0   	
2 2 2 1 3 0 0   	0 0 0 0 0 0 0   	0 0 0 0 0 0 0   	0 0 0 0 0 0 0   	
3 2 2 2 3 0 0   	0 0 0 0 0 0 0   	0 0 0 0 0 0 0   	0 0 0 0 0 0 0   	



*** Demand difference *** in the library for: block, PL, HB, BokB
Negative values means overstaffing, positive means lack of workers
0 0 0 0 0 0 0   	0 0 1 0 0 0 0   	0 0 0 0 0 0 0   	0 0 0 0 0 0 0   	
0 0 0 0 0 0 0   	0 0 0 0 0 0 0   	0 0 0 0 0 0 0   	0 0 0 0 0 0 0   	
1 0 0 0 0 0 0   	0 0 0 0 0 0 0   	0 0 0 0 0 0 0   	0 0 0 0 0 0 0   	
0 0 0 1 0 0 0   	0 0 0 0 0 0 0   	0 0 0 0 0 0 0   	0 0 0 0 0 0 0   	


0 0 0 0 0 0 0   	0 0 0 0 0 0 0   	0 0 0 0 0 0 0   	0 0 0 0 0 0 0   	
0 0 0 0 0 0 0   	0 0 0 0 0 0 0   	0 0 0 0 0 0 0   	0 0 0 0 0 0 0   	
0 0 0 0 0 0 0   	0 0 0 0 0 0 0   	0 0 0 0 0 0 0   	0 0 0 0 0 0 0   	
0 0 0 0 0 0 0   	0 0 0 0 0 0 0   	0 0 0 0 0 0 0   	0 0 0 0 0 0 0   	


0 0 0 0 0 -1 -1   	0 0 0 0 0 0 0   	0 0 0 0 0 1 1   	0 0 0 0 0 0 0   	
0 0 0 0 0 0 0   	0 0 0 0 0 0 0   	0 0 0 0 0 0 0   	0 0 0 0 0 0 0   	
0 0 0 0 0 0 0   	0 0 0 0 0 0 0   	0 0 0 0 0 0 0   	0 0 0 0 0 0 0   	
0 0 0 0 -1 0 0   	0 0 0 0 0 0 0   	0 0 0 0 0 0 0   	0 0 0 0 0 0 0   	


0 0 0 0 0 0 0   	0 0 0 0 0 0 0   	0 0 0 0 0 0 0   	0 0 0 0 0 0 0   	
0 0 0 0 0 0 0   	0 0 0 0 0 0 0   	0 0 0 0 0 0 0   	0 0 0 0 0 0 0   	
0 0 0 0 0 0 0   	0 0 0 0 0 0 0   	0 0 0 0 0 0 0   	0 0 0 0 0 0 0   	
0 0 0 0 0 0 0   	0 0 0 0 0 0 0   	0 0 0 0 0 0 0   	0 0 0 0 0 0 0   	


0 0 0 0 0 0 0   	0 0 0 1 1 0 0   	0 0 0 0 0 0 0   	0 0 0 0 0 0 0   	
0 0 0 0 0 0 0   	0 0 0 0 0 0 0   	0 0 0 0 0 0 0   	0 0 0 0 0 0 0   	
0 0 0 0 0 0 0   	0 0 0 0 0 0 0   	0 0 0 0 0 0 0   	0 0 0 0 0 0 0   	
0 0 0 0 0 0 0   	0 0 0 0 0 0 0   	0 0 0 0 0 0 0   	0 0 0 0 0 0 0   	



(Too few) Evening cost trouble at week: 0 and day: 3
#PL for worker 1 is: 1
#PL for worker 2 is: 1
#PL for worker 3 is: 1
#PL for worker 6 is: 1
#PL for worker 7 is: 1
#PL for worker 8 is: 1
#PL for worker 10 is: 1
#PL for worker 13 is: 1
#PL for worker 14 is: 1
#PL for worker 17 is: 1
#PL for worker 18 is: 2
#PL for worker 19 is: 1
#PL for worker 20 is: 1
#PL for worker 25 is: 1
#PL for worker 27 is: 1
#PL for worker 29 is: 1
#PL for worker 30 is: 1
#PL for worker 31 is: 1
#PL for worker 33 is: 1
#PL for worker 34 is: 1
#PL for worker 35 is: 1
lib_per_rot = 4 4 5 4 4 
ass_per_rot = 3 3 2 3 3 
Stand-ins Week 0
4 2 4 3 3 
Libs
3 1 3 3 3 
Ass
1 1 1 0 0 

Stand-ins Week 1
1 2 2 2 0 
Libs
1 1 2 2 0 
Ass
0 1 0 0 0 

Stand-ins Week 2
5 2 7 4 4 
Libs
4 0 5 1 3 
Ass
1 2 2 3 1 

Stand-ins Week 3
6 5 6 5 4 
Libs
3 2 3 3 4 
Ass
3 3 3 2 0 

Stand-ins Week 4
4 3 8 6 6 
Libs
2 1 5 4 5 
Ass
2 2 3 2 1 

Max(min stand-in) for this solution is: 0
Total number of stand-ins: 98
demand_tot_cost = 2200
demand_lib_cost (too few or too many) = 0
demand_ass_cost = 0
demand_PL_cost = 3600
demand_HB_cost = 15000
demand_evening_cost = 20000
PL_amount_cost = 0
no_weekend_cost = 0

total_eval_cost = 40800
total_stand_in_cost = -1
*total_cost* = 40799
Best solution so far is 40800
Time where new best solution found is: 1.32



***Best iteration number: 2***
Number of librarians assigned: block, PL, HB, BokB
2 3 2 2 3 3 3   	0 0 1 0 1 0 0   	0 0 0 0 0 1 1   	0 0 0 0 0 0 0   	
4 3 4 3 3 0 0   	0 0 0 0 0 0 0   	0 0 0 0 0 0 0   	0 0 0 0 0 0 0   	
4 3 4 5 4 0 0   	0 0 0 0 0 0 0   	0 0 0 0 0 0 0   	0 0 0 0 0 0 0   	
3 4 4 2 3 0 0   	0 0 0 0 0 0 0   	0 0 0 0 0 0 0   	0 0 0 0 0 0 0   	


3 2 3 2 3 3 3   	1 0 0 1 0 0 0   	0 0 0 0 0 1 1   	0 0 0 0 0 0 0   	
3 3 3 3 4 0 0   	0 0 0 0 0 0 0   	0 0 0 0 0 0 0   	0 0 0 0 0 0 0   	
3 4 4 4 4 0 0   	0 0 0 0 0 0 0   	0 0 0 0 0 0 0   	0 0 0 0 0 0 0   	
3 4 4 3 3 0 0   	0 0 0 0 0 0 0   	0 0 0 0 0 0 0   	0 0 0 0 0 0 0   	


2 2 2 3 2 5 5   	0 0 0 0 0 0 0   	0 0 0 0 0 0 0   	0 0 0 0 0 0 0   	
5 4 4 3 4 0 0   	0 0 0 0 0 0 0   	0 0 0 0 0 0 0   	0 0 0 0 0 0 0   	
3 4 4 4 5 0 0   	0 0 0 0 0 0 0   	0 0 0 0 0 0 0   	0 0 0 0 0 0 0   	
3 4 4 3 5 0 0   	0 0 0 0 0 0 0   	0 0 0 0 0 0 0   	0 0 0 0 0 0 0   	


3 2 2 3 2 3 3   	1 1 0 1 1 0 0   	0 0 0 0 0 1 1   	0 0 0 0 0 0 0   	
4 3 4 3 3 0 0   	0 0 0 0 0 0 0   	0 0 0 0 0 0 0   	0 0 0 0 0 0 0   	
3 4 4 3 3 0 0   	0 0 0 0 0 0 0   	0 0 0 0 0 0 0   	0 0 0 0 0 0 0   	
3 4 4 4 3 0 0   	0 0 0 0 0 0 0   	0 0 0 0 0 0 0   	0 0 0 0 0 0 0   	


2 3 2 2 2 3 3   	1 0 1 1 0 0 0   	0 0 0 0 0 1 1   	0 0 0 0 0 0 0   	
5 3 4 3 4 0 0   	0 0 0 0 0 0 0   	0 0 0 0 0 0 0   	0 0 0 0 0 0 0   	
4 4 4 5 3 0 0   	0 0 0 0 0 0 0   	0 0 0 0 0 0 0   	0 0 0 0 0 0 0   	
3 4 4 4 3 0 0   	0 0 0 0 0 0 0   	0 0 0 0 0 0 0   	0 0 0 0 0 0 0   	


Number of assistants assigned: block, PL, HB, BokB
2 1 2 2 1 3 3   	1 0 0 0 0 0 0   	0 0 0 0 0 0 0   	0 0 0 0 0 0 0   	
2 3 2 3 3 0 0   	0 0 0 0 0 0 0   	0 0 0 0 0 0 0   	0 0 0 0 0 0 0   	
2 3 2 1 2 0 0   	0 0 0 0 0 0 0   	0 0 0 0 0 0 0   	0 0 0 0 0 0 0   	
3 2 2 3 3 0 0   	0 0 0 0 0 0 0   	0 0 0 0 0 0 0   	0 0 0 0 0 0 0   	


1 2 1 2 1 3 3   	0 1 1 0 1 0 0   	0 0 0 0 0 0 0   	0 0 0 0 0 0 0   	
3 3 3 3 2 0 0   	0 0 0 0 0 0 0   	0 0 0 0 0 0 0   	0 0 0 0 0 0 0   	
3 2 2 2 2 0 0   	0 0 0 0 0 0 0   	0 0 0 0 0 0 0   	0 0 0 0 0 0 0   	
3 2 2 3 3 0 0   	0 0 0 0 0 0 0   	0 0 0 0 0 0 0   	0 0 0 0 0 0 0   	


2 2 2 1 2 2 2   	1 1 1 1 1 0 0   	0 0 0 0 0 0 0   	0 0 0 0 0 0 0   	
1 2 2 3 2 0 0   	0 0 0 0 0 0 0   	0 0 0 0 0 0 0   	0 0 0 0 0 0 0   	
3 2 2 2 1 0 0   	0 0 0 0 0 0 0   	0 0 0 0 0 0 0   	0 0 0 0 0 0 0   	
3 2 2 3 2 0 0   	0 0 0 0 0 0 0   	0 0 0 0 0 0 0   	0 0 0 0 0 0 0   	


1 2 2 1 2 3 3   	0 0 1 0 0 0 0   	0 0 0 0 0 0 0   	0 0 0 0 0 0 0   	
2 3 2 3 3 0 0   	0 0 0 0 0 0 0   	0 0 0 0 0 0 0   	0 0 0 0 0 0 0   	
3 2 2 3 3 0 0   	0 0 0 0 0 0 0   	0 0 0 0 0 0 0   	0 0 0 0 0 0 0   	
3 2 2 2 3 0 0   	0 0 0 0 0 0 0   	0 0 0 0 0 0 0   	0 0 0 0 0 0 0   	


2 1 2 2 2 3 3   	0 1 0 0 0 0 0   	0 0 0 0 0 0 0   	0 0 0 0 0 0 0   	
1 3 2 3 2 0 0   	0 0 0 0 0 0 0   	0 0 0 0 0 0 0   	0 0 0 0 0 0 0   	
2 2 2 1 3 0 0   	0 0 0 0 0 0 0   	0 0 0 0 0 0 0   	0 0 0 0 0 0 0   	
3 2 2 2 3 0 0   	0 0 0 0 0 0 0   	0 0 0 0 0 0 0   	0 0 0 0 0 0 0   	



*** Demand difference *** in the library for: block, PL, HB, BokB
Negative values means overstaffing, positive means lack of workers
0 0 0 0 0 0 0   	0 1 0 1 0 0 0   	0 0 0 0 0 0 0   	0 0 0 0 0 0 0   	
0 0 0 0 0 0 0   	0 0 0 0 0 0 0   	0 0 0 0 0 0 0   	0 0 0 0 0 0 0   	
0 0 0 0 0 0 0   	0 0 0 0 0 0 0   	0 0 0 0 0 0 0   	0 0 0 0 0 0 0   	
0 0 0 1 0 0 0   	0 0 0 0 0 0 0   	0 0 0 0 0 0 0   	0 0 0 0 0 0 0   	


0 0 0 0 0 0 0   	0 0 0 0 0 0 0   	0 0 0 0 0 0 0   	0 0 0 0 0 0 0   	
0 0 0 0 0 0 0   	0 0 0 0 0 0 0   	0 0 0 0 0 0 0   	0 0 0 0 0 0 0   	
0 0 0 0 0 0 0   	0 0 0 0 0 0 0   	0 0 0 0 0 0 0   	0 0 0 0 0 0 0   	
0 0 0 0 0 0 0   	0 0 0 0 0 0 0   	0 0 0 0 0 0 0   	0 0 0 0 0 0 0   	


0 0 0 0 0 -1 -1   	0 0 0 0 0 0 0   	0 0 0 0 0 1 1   	0 0 0 0 0 0 0   	
0 0 0 0 0 0 0   	0 0 0 0 0 0 0   	0 0 0 0 0 0 0   	0 0 0 0 0 0 0   	
0 0 0 0 0 0 0   	0 0 0 0 0 0 0   	0 0 0 0 0 0 0   	0 0 0 0 0 0 0   	
0 0 0 0 -1 0 0   	0 0 0 0 0 0 0   	0 0 0 0 0 0 0   	0 0 0 0 0 0 0   	


0 0 0 0 0 0 0   	0 0 0 0 0 0 0   	0 0 0 0 0 0 0   	0 0 0 0 0 0 0   	
0 0 0 0 0 0 0   	0 0 0 0 0 0 0   	0 0 0 0 0 0 0   	0 0 0 0 0 0 0   	
0 0 0 0 0 0 0   	0 0 0 0 0 0 0   	0 0 0 0 0 0 0   	0 0 0 0 0 0 0   	
0 0 0 0 0 0 0   	0 0 0 0 0 0 0   	0 0 0 0 0 0 0   	0 0 0 0 0 0 0   	


0 0 0 0 0 0 0   	0 0 0 0 1 0 0   	0 0 0 0 0 0 0   	0 0 0 0 0 0 0   	
0 0 0 0 0 0 0   	0 0 0 0 0 0 0   	0 0 0 0 0 0 0   	0 0 0 0 0 0 0   	
0 0 0 0 0 0 0   	0 0 0 0 0 0 0   	0 0 0 0 0 0 0   	0 0 0 0 0 0 0   	
0 0 0 0 0 0 0   	0 0 0 0 0 0 0   	0 0 0 0 0 0 0   	0 0 0 0 0 0 0   	



(Too few) Evening cost trouble at week: 0 and day: 3
#PL for worker 1 is: 1
#PL for worker 2 is: 1
#PL for worker 3 is: 1
#PL for worker 6 is: 1
#PL for worker 7 is: 1
#PL for worker 8 is: 1
#PL for worker 10 is: 1
#PL for worker 13 is: 1
#PL for worker 14 is: 1
#PL for worker 17 is: 1
#PL for worker 18 is: 2
#PL for worker 19 is: 1
#PL for worker 20 is: 1
#PL for worker 25 is: 1
#PL for worker 27 is: 1
#PL for worker 29 is: 1
#PL for worker 30 is: 1
#PL for worker 31 is: 1
#PL for worker 33 is: 1
#PL for worker 34 is: 1
#PL for worker 35 is: 1
lib_per_rot = 4 4 5 4 4 
ass_per_rot = 3 3 2 3 3 
Stand-ins Week 0
4 2 4 3 3 
Libs
3 1 3 3 3 
Ass
1 1 1 0 0 

Stand-ins Week 1
1 2 2 1 0 
Libs
1 1 2 1 0 
Ass
0 1 0 0 0 

Stand-ins Week 2
4 3 6 5 4 
Libs
3 1 4 2 3 
Ass
1 2 2 3 1 

Stand-ins Week 3
6 5 6 5 4 
Libs
3 2 3 3 4 
Ass
3 3 3 2 0 

Stand-ins Week 4
4 3 8 6 6 
Libs
2 1 5 4 5 
Ass
2 2 3 2 1 

Max(min stand-in) for this solution is: 0
Total number of stand-ins: 97
demand_tot_cost = 1400
demand_lib_cost (too few or too many) = 0
demand_ass_cost = 0
demand_PL_cost = 3600
demand_HB_cost = 15000
demand_evening_cost = 20000
PL_amount_cost = 0
no_weekend_cost = 0

total_eval_cost = 40000
total_stand_in_cost = -1
*total_cost* = 39999
Best solution so far is 40000
Time where new best solution found is: 1.55



***Best iteration number: 3***
Number of librarians assigned: block, PL, HB, BokB
2 2 3 2 3 4 4   	0 0 1 1 1 0 0   	0 0 0 0 0 0 0   	0 0 0 0 0 0 0   	
4 3 4 4 3 0 0   	0 0 0 0 0 0 0   	0 0 0 0 0 0 0   	0 0 0 0 0 0 0   	
4 3 3 4 4 0 0   	0 0 0 0 0 0 0   	0 0 0 0 0 0 0   	0 0 0 0 0 0 0   	
3 4 4 2 4 0 0   	0 0 0 0 0 0 0   	0 0 0 0 0 0 0   	0 0 0 0 0 0 0   	


4 2 3 2 3 3 3   	1 0 0 1 0 0 0   	0 0 0 0 0 1 1   	0 0 0 0 0 0 0   	
3 3 4 3 4 0 0   	0 0 0 0 0 0 0   	0 0 0 0 0 0 0   	0 0 0 0 0 0 0   	
3 4 4 4 4 0 0   	0 0 0 0 0 0 0   	0 0 0 0 0 0 0   	0 0 0 0 0 0 0   	
3 4 4 3 3 0 0   	0 0 0 0 0 0 0   	0 0 0 0 0 0 0   	0 0 0 0 0 0 0   	


2 2 2 2 3 4 4   	0 0 0 0 0 0 0   	0 0 0 0 0 1 1   	0 0 0 0 0 0 0   	
5 4 5 3 4 0 0   	0 0 0 0 0 0 0   	0 0 0 0 0 0 0   	0 0 0 0 0 0 0   	
3 3 4 4 4 0 0   	0 0 0 0 0 0 0   	0 0 0 0 0 0 0   	0 0 0 0 0 0 0   	
3 4 4 3 4 0 0   	0 0 0 0 0 0 0   	0 0 0 0 0 0 0   	0 0 0 0 0 0 0   	


3 2 2 2 2 3 3   	1 0 0 1 1 0 0   	0 0 0 0 0 1 1   	0 0 0 0 0 0 0   	
4 3 5 3 4 0 0   	0 0 0 0 0 0 0   	0 0 0 0 0 0 0   	0 0 0 0 0 0 0   	
3 4 4 4 3 0 0   	0 0 0 0 0 0 0   	0 0 0 0 0 0 0   	0 0 0 0 0 0 0   	
3 4 4 4 3 0 0   	0 0 0 0 0 0 0   	0 0 0 0 0 0 0   	0 0 0 0 0 0 0   	


2 3 3 2 2 3 3   	1 0 1 1 1 0 0   	0 0 0 0 0 1 1   	0 0 0 0 0 0 0   	
5 3 3 4 4 0 0   	0 0 0 0 0 0 0   	0 0 0 0 0 0 0   	0 0 0 0 0 0 0   	
4 4 4 4 3 0 0   	0 0 0 0 0 0 0   	0 0 0 0 0 0 0   	0 0 0 0 0 0 0   	
3 4 4 4 3 0 0   	0 0 0 0 0 0 0   	0 0 0 0 0 0 0   	0 0 0 0 0 0 0   	


Number of assistants assigned: block, PL, HB, BokB
2 2 1 2 1 3 3   	1 0 0 0 0 0 0   	0 0 0 0 0 0 0   	0 0 0 0 0 0 0   	
2 3 2 2 3 0 0   	0 0 0 0 0 0 0   	0 0 0 0 0 0 0   	0 0 0 0 0 0 0   	
2 3 3 2 2 0 0   	0 0 0 0 0 0 0   	0 0 0 0 0 0 0   	0 0 0 0 0 0 0   	
3 2 2 3 3 0 0   	0 0 0 0 0 0 0   	0 0 0 0 0 0 0   	0 0 0 0 0 0 0   	


0 2 1 2 1 3 3   	0 1 1 0 1 0 0   	0 0 0 0 0 0 0   	0 0 0 0 0 0 0   	
3 3 2 3 2 0 0   	0 0 0 0 0 0 0   	0 0 0 0 0 0 0   	0 0 0 0 0 0 0   	
3 2 2 2 2 0 0   	0 0 0 0 0 0 0   	0 0 0 0 0 0 0   	0 0 0 0 0 0 0   	
3 2 2 3 3 0 0   	0 0 0 0 0 0 0   	0 0 0 0 0 0 0   	0 0 0 0 0 0 0   	


2 2 2 2 1 2 2   	1 1 1 1 1 0 0   	0 0 0 0 0 0 0   	0 0 0 0 0 0 0   	
1 2 1 3 2 0 0   	0 0 0 0 0 0 0   	0 0 0 0 0 0 0   	0 0 0 0 0 0 0   	
3 2 2 2 2 0 0   	0 0 0 0 0 0 0   	0 0 0 0 0 0 0   	0 0 0 0 0 0 0   	
3 2 2 3 2 0 0   	0 0 0 0 0 0 0   	0 0 0 0 0 0 0   	0 0 0 0 0 0 0   	


1 2 2 2 2 3 3   	0 0 1 0 0 0 0   	0 0 0 0 0 0 0   	0 0 0 0 0 0 0   	
2 3 1 3 2 0 0   	0 0 0 0 0 0 0   	0 0 0 0 0 0 0   	0 0 0 0 0 0 0   	
3 2 2 2 3 0 0   	0 0 0 0 0 0 0   	0 0 0 0 0 0 0   	0 0 0 0 0 0 0   	
3 2 2 2 3 0 0   	0 0 0 0 0 0 0   	0 0 0 0 0 0 0   	0 0 0 0 0 0 0   	


2 1 1 2 2 3 3   	0 1 0 0 0 0 0   	0 0 0 0 0 0 0   	0 0 0 0 0 0 0   	
1 3 3 2 2 0 0   	0 0 0 0 0 0 0   	0 0 0 0 0 0 0   	0 0 0 0 0 0 0   	
2 2 2 2 3 0 0   	0 0 0 0 0 0 0   	0 0 0 0 0 0 0   	0 0 0 0 0 0 0   	
3 2 2 2 3 0 0   	0 0 0 0 0 0 0   	0 0 0 0 0 0 0   	0 0 0 0 0 0 0   	



*** Demand difference *** in the library for: block, PL, HB, BokB
Negative values means overstaffing, positive means lack of workers
0 0 0 0 0 -1 -1   	0 1 0 0 0 0 0   	0 0 0 0 0 1 1   	0 0 0 0 0 0 0   	
0 0 0 0 0 0 0   	0 0 0 0 0 0 0   	0 0 0 0 0 0 0   	0 0 0 0 0 0 0   	
0 0 0 0 0 0 0   	0 0 0 0 0 0 0   	0 0 0 0 0 0 0   	0 0 0 0 0 0 0   	
0 0 0 1 -1 0 0   	0 0 0 0 0 0 0   	0 0 0 0 0 0 0   	0 0 0 0 0 0 0   	


0 0 0 0 0 0 0   	0 0 0 0 0 0 0   	0 0 0 0 0 0 0   	0 0 0 0 0 0 0   	
0 0 0 0 0 0 0   	0 0 0 0 0 0 0   	0 0 0 0 0 0 0   	0 0 0 0 0 0 0   	
0 0 0 0 0 0 0   	0 0 0 0 0 0 0   	0 0 0 0 0 0 0   	0 0 0 0 0 0 0   	
0 0 0 0 0 0 0   	0 0 0 0 0 0 0   	0 0 0 0 0 0 0   	0 0 0 0 0 0 0   	


0 0 0 0 0 0 0   	0 0 0 0 0 0 0   	0 0 0 0 0 0 0   	0 0 0 0 0 0 0   	
0 0 0 0 0 0 0   	0 0 0 0 0 0 0   	0 0 0 0 0 0 0   	0 0 0 0 0 0 0   	
0 1 0 0 0 0 0   	0 0 0 0 0 0 0   	0 0 0 0 0 0 0   	0 0 0 0 0 0 0   	
0 0 0 0 0 0 0   	0 0 0 0 0 0 0   	0 0 0 0 0 0 0   	0 0 0 0 0 0 0   	


0 0 0 0 0 0 0   	0 1 0 0 0 0 0   	0 0 0 0 0 0 0   	0 0 0 0 0 0 0   	
0 0 0 0 0 0 0   	0 0 0 0 0 0 0   	0 0 0 0 0 0 0   	0 0 0 0 0 0 0   	
0 0 0 0 0 0 0   	0 0 0 0 0 0 0   	0 0 0 0 0 0 0   	0 0 0 0 0 0 0   	
0 0 0 0 0 0 0   	0 0 0 0 0 0 0   	0 0 0 0 0 0 0   	0 0 0 0 0 0 0   	


0 0 0 0 0 0 0   	0 0 0 0 0 0 0   	0 0 0 0 0 0 0   	0 0 0 0 0 0 0   	
0 0 0 0 0 0 0   	0 0 0 0 0 0 0   	0 0 0 0 0 0 0   	0 0 0 0 0 0 0   	
0 0 0 0 0 0 0   	0 0 0 0 0 0 0   	0 0 0 0 0 0 0   	0 0 0 0 0 0 0   	
0 0 0 0 0 0 0   	0 0 0 0 0 0 0   	0 0 0 0 0 0 0   	0 0 0 0 0 0 0   	



(Too few) Evening cost trouble at week: 0 and day: 3
#PL for worker 1 is: 1
#PL for worker 2 is: 1
#PL for worker 3 is: 1
#PL for worker 6 is: 1
#PL for worker 7 is: 1
#PL for worker 8 is: 1
#PL for worker 10 is: 1
#PL for worker 13 is: 1
#PL for worker 14 is: 1
#PL for worker 17 is: 1
#PL for worker 18 is: 2
#PL for worker 19 is: 1
#PL for worker 20 is: 1
#PL for worker 24 is: 1
#PL for worker 25 is: 1
#PL for worker 27 is: 1
#PL for worker 29 is: 1
#PL for worker 30 is: 1
#PL for worker 31 is: 1
#PL for worker 33 is: 1
#PL for worker 34 is: 1
#PL for worker 35 is: 1
lib_per_rot = 4 4 5 4 4 
ass_per_rot = 3 3 2 3 3 
Stand-ins Week 0
5 2 4 2 2 
Libs
3 1 2 2 2 
Ass
2 1 2 0 0 

Stand-ins Week 1
1 2 3 0 0 
Libs
1 1 1 0 0 
Ass
0 1 2 0 0 

Stand-ins Week 2
4 4 7 3 4 
Libs
3 2 4 0 3 
Ass
1 2 3 3 1 

Stand-ins Week 3
5 6 5 5 4 
Libs
2 3 3 3 3 
Ass
3 3 2 2 1 

Stand-ins Week 4
4 2 7 6 5 
Libs
2 1 4 4 4 
Ass
2 1 3 2 1 

Max(min stand-in) for this solution is: 0
Total number of stand-ins: 92
demand_tot_cost = 2200
demand_lib_cost (too few or too many) = 0
demand_ass_cost = 0
demand_PL_cost = 2400
demand_HB_cost = 15000
demand_evening_cost = 20000
PL_amount_cost = 0
no_weekend_cost = 0

total_eval_cost = 39600
total_stand_in_cost = -1
*total_cost* = 39599
Best solution so far is 39600
Time where new best solution found is: 2.36



***Best iteration number: 4***
Number of librarians assigned: block, PL, HB, BokB
2 2 3 2 3 4 4   	0 0 1 1 1 0 0   	0 0 0 0 0 0 0   	0 0 0 0 0 0 0   	
4 3 4 4 3 0 0   	0 0 0 0 0 0 0   	0 0 0 0 0 0 0   	0 0 0 0 0 0 0   	
4 3 3 4 4 0 0   	0 0 0 0 0 0 0   	0 0 0 0 0 0 0   	0 0 0 0 0 0 0   	
3 4 4 2 4 0 0   	0 0 0 0 0 0 0   	0 0 0 0 0 0 0   	0 0 0 0 0 0 0   	


4 2 3 2 3 3 3   	1 1 0 1 0 0 0   	0 0 0 0 0 1 1   	0 0 0 0 0 0 0   	
3 3 3 3 4 0 0   	0 0 0 0 0 0 0   	0 0 0 0 0 0 0   	0 0 0 0 0 0 0   	
3 3 4 4 4 0 0   	0 0 0 0 0 0 0   	0 0 0 0 0 0 0   	0 0 0 0 0 0 0   	
3 4 4 3 3 0 0   	0 0 0 0 0 0 0   	0 0 0 0 0 0 0   	0 0 0 0 0 0 0   	


2 2 2 2 3 4 4   	0 0 0 0 0 0 0   	0 0 0 0 0 1 1   	0 0 0 0 0 0 0   	
5 4 5 3 4 0 0   	0 0 0 0 0 0 0   	0 0 0 0 0 0 0   	0 0 0 0 0 0 0   	
3 3 3 4 4 0 0   	0 0 0 0 0 0 0   	0 0 0 0 0 0 0   	0 0 0 0 0 0 0   	
3 4 4 3 4 0 0   	0 0 0 0 0 0 0   	0 0 0 0 0 0 0   	0 0 0 0 0 0 0   	


3 2 2 2 2 3 3   	1 0 0 1 1 0 0   	0 0 0 0 0 1 1   	0 0 0 0 0 0 0   	
4 3 5 3 4 0 0   	0 0 0 0 0 0 0   	0 0 0 0 0 0 0   	0 0 0 0 0 0 0   	
3 4 3 4 3 0 0   	0 0 0 0 0 0 0   	0 0 0 0 0 0 0   	0 0 0 0 0 0 0   	
3 4 4 4 3 0 0   	0 0 0 0 0 0 0   	0 0 0 0 0 0 0   	0 0 0 0 0 0 0   	


2 2 3 2 2 3 3   	1 0 1 1 1 0 0   	0 0 0 0 0 1 1   	0 0 0 0 0 0 0   	
5 3 3 3 4 0 0   	0 0 0 0 0 0 0   	0 0 0 0 0 0 0   	0 0 0 0 0 0 0   	
4 4 4 4 3 0 0   	0 0 0 0 0 0 0   	0 0 0 0 0 0 0   	0 0 0 0 0 0 0   	
3 4 4 4 3 0 0   	0 0 0 0 0 0 0   	0 0 0 0 0 0 0   	0 0 0 0 0 0 0   	


Number of assistants assigned: block, PL, HB, BokB
2 2 1 2 1 3 3   	1 0 0 0 0 0 0   	0 0 0 0 0 0 0   	0 0 0 0 0 0 0   	
2 3 2 2 3 0 0   	0 0 0 0 0 0 0   	0 0 0 0 0 0 0   	0 0 0 0 0 0 0   	
2 3 3 2 2 0 0   	0 0 0 0 0 0 0   	0 0 0 0 0 0 0   	0 0 0 0 0 0 0   	
3 2 2 3 3 0 0   	0 0 0 0 0 0 0   	0 0 0 0 0 0 0   	0 0 0 0 0 0 0   	


0 2 1 2 1 3 3   	0 0 1 0 1 0 0   	0 0 0 0 0 0 0   	0 0 0 0 0 0 0   	
3 3 3 3 2 0 0   	0 0 0 0 0 0 0   	0 0 0 0 0 0 0   	0 0 0 0 0 0 0   	
3 3 2 2 2 0 0   	0 0 0 0 0 0 0   	0 0 0 0 0 0 0   	0 0 0 0 0 0 0   	
3 2 2 3 3 0 0   	0 0 0 0 0 0 0   	0 0 0 0 0 0 0   	0 0 0 0 0 0 0   	


2 2 2 2 1 2 2   	1 1 1 1 1 0 0   	0 0 0 0 0 0 0   	0 0 0 0 0 0 0   	
1 2 1 3 2 0 0   	0 0 0 0 0 0 0   	0 0 0 0 0 0 0   	0 0 0 0 0 0 0   	
3 2 3 2 2 0 0   	0 0 0 0 0 0 0   	0 0 0 0 0 0 0   	0 0 0 0 0 0 0   	
3 2 2 3 2 0 0   	0 0 0 0 0 0 0   	0 0 0 0 0 0 0   	0 0 0 0 0 0 0   	


1 2 2 2 2 3 3   	0 1 1 0 0 0 0   	0 0 0 0 0 0 0   	0 0 0 0 0 0 0   	
2 3 1 3 2 0 0   	0 0 0 0 0 0 0   	0 0 0 0 0 0 0   	0 0 0 0 0 0 0   	
3 1 3 2 3 0 0   	0 0 0 0 0 0 0   	0 0 0 0 0 0 0   	0 0 0 0 0 0 0   	
3 2 2 2 3 0 0   	0 0 0 0 0 0 0   	0 0 0 0 0 0 0   	0 0 0 0 0 0 0   	


2 2 1 2 2 3 3   	0 1 0 0 0 0 0   	0 0 0 0 0 0 0   	0 0 0 0 0 0 0   	
1 3 3 3 2 0 0   	0 0 0 0 0 0 0   	0 0 0 0 0 0 0   	0 0 0 0 0 0 0   	
2 2 2 2 3 0 0   	0 0 0 0 0 0 0   	0 0 0 0 0 0 0   	0 0 0 0 0 0 0   	
3 2 2 2 3 0 0   	0 0 0 0 0 0 0   	0 0 0 0 0 0 0   	0 0 0 0 0 0 0   	



*** Demand difference *** in the library for: block, PL, HB, BokB
Negative values means overstaffing, positive means lack of workers
0 0 0 0 0 -1 -1   	0 1 0 0 0 0 0   	0 0 0 0 0 1 1   	0 0 0 0 0 0 0   	
0 0 0 0 0 0 0   	0 0 0 0 0 0 0   	0 0 0 0 0 0 0   	0 0 0 0 0 0 0   	
0 0 0 0 0 0 0   	0 0 0 0 0 0 0   	0 0 0 0 0 0 0   	0 0 0 0 0 0 0   	
0 0 0 1 -1 0 0   	0 0 0 0 0 0 0   	0 0 0 0 0 0 0   	0 0 0 0 0 0 0   	


0 0 0 0 0 0 0   	0 0 0 0 0 0 0   	0 0 0 0 0 0 0   	0 0 0 0 0 0 0   	
0 0 0 0 0 0 0   	0 0 0 0 0 0 0   	0 0 0 0 0 0 0   	0 0 0 0 0 0 0   	
0 0 0 0 0 0 0   	0 0 0 0 0 0 0   	0 0 0 0 0 0 0   	0 0 0 0 0 0 0   	
0 0 0 0 0 0 0   	0 0 0 0 0 0 0   	0 0 0 0 0 0 0   	0 0 0 0 0 0 0   	


0 0 0 0 0 0 0   	0 0 0 0 0 0 0   	0 0 0 0 0 0 0   	0 0 0 0 0 0 0   	
0 0 0 0 0 0 0   	0 0 0 0 0 0 0   	0 0 0 0 0 0 0   	0 0 0 0 0 0 0   	
0 1 0 0 0 0 0   	0 0 0 0 0 0 0   	0 0 0 0 0 0 0   	0 0 0 0 0 0 0   	
0 0 0 0 0 0 0   	0 0 0 0 0 0 0   	0 0 0 0 0 0 0   	0 0 0 0 0 0 0   	


0 0 0 0 0 0 0   	0 0 0 0 0 0 0   	0 0 0 0 0 0 0   	0 0 0 0 0 0 0   	
0 0 0 0 0 0 0   	0 0 0 0 0 0 0   	0 0 0 0 0 0 0   	0 0 0 0 0 0 0   	
0 1 0 0 0 0 0   	0 0 0 0 0 0 0   	0 0 0 0 0 0 0   	0 0 0 0 0 0 0   	
0 0 0 0 0 0 0   	0 0 0 0 0 0 0   	0 0 0 0 0 0 0   	0 0 0 0 0 0 0   	


0 0 0 0 0 0 0   	0 0 0 0 0 0 0   	0 0 0 0 0 0 0   	0 0 0 0 0 0 0   	
0 0 0 0 0 0 0   	0 0 0 0 0 0 0   	0 0 0 0 0 0 0   	0 0 0 0 0 0 0   	
0 0 0 0 0 0 0   	0 0 0 0 0 0 0   	0 0 0 0 0 0 0   	0 0 0 0 0 0 0   	
0 0 0 0 0 0 0   	0 0 0 0 0 0 0   	0 0 0 0 0 0 0   	0 0 0 0 0 0 0   	



(Too few) Evening cost trouble at week: 0 and day: 3
#PL for worker 1 is: 1
#PL for worker 2 is: 1
#PL for worker 3 is: 1
#PL for worker 5 is: 1
#PL for worker 6 is: 1
#PL for worker 7 is: 1
#PL for worker 8 is: 1
#PL for worker 10 is: 1
#PL for worker 13 is: 1
#PL for worker 14 is: 1
#PL for worker 17 is: 1
#PL for worker 18 is: 2
#PL for worker 19 is: 1
#PL for worker 20 is: 1
#PL for worker 24 is: 1
#PL for worker 25 is: 1
#PL for worker 27 is: 1
#PL for worker 29 is: 1
#PL for worker 30 is: 1
#PL for worker 31 is: 1
#PL for worker 33 is: 1
#PL for worker 34 is: 1
#PL for worker 35 is: 1
lib_per_rot = 4 4 5 4 4 
ass_per_rot = 3 3 2 3 3 
Stand-ins Week 0
6 3 3 2 2 
Libs
4 2 2 2 2 
Ass
2 1 1 0 0 

Stand-ins Week 1
0 2 2 1 0 
Libs
0 1 1 1 0 
Ass
0 1 1 0 0 

Stand-ins Week 2
3 4 7 4 4 
Libs
2 2 5 1 3 
Ass
1 2 2 3 1 

Stand-ins Week 3
5 5 6 4 4 
Libs
2 3 4 3 3 
Ass
3 2 2 1 1 

Stand-ins Week 4
5 2 8 5 5 
Libs
3 1 5 3 4 
Ass
2 1 3 2 1 

Max(min stand-in) for this solution is: 0
Total number of stand-ins: 92
demand_tot_cost = 3000
demand_lib_cost (too few or too many) = 0
demand_ass_cost = 0
demand_PL_cost = 1200
demand_HB_cost = 15000
demand_evening_cost = 20000
PL_amount_cost = 0
no_weekend_cost = 0

total_eval_cost = 39200
total_stand_in_cost = -1
*total_cost* = 39199
Best solution so far is 39200
Time where new best solution found is: 2.68



***Best iteration number: 5***
Number of librarians assigned: block, PL, HB, BokB
2 2 3 2 3 4 4   	0 0 1 1 1 0 0   	0 0 0 0 0 0 0   	0 0 0 0 0 0 0   	
4 3 4 4 3 0 0   	0 0 0 0 0 0 0   	0 0 0 0 0 0 0   	0 0 0 0 0 0 0   	
4 3 3 4 4 0 0   	0 0 0 0 0 0 0   	0 0 0 0 0 0 0   	0 0 0 0 0 0 0   	
3 4 4 3 4 0 0   	0 0 0 0 0 0 0   	0 0 0 0 0 0 0   	0 0 0 0 0 0 0   	


4 2 3 2 3 3 3   	1 1 0 1 0 0 0   	0 0 0 0 0 1 1   	0 0 0 0 0 0 0   	
3 3 3 3 4 0 0   	0 0 0 0 0 0 0   	0 0 0 0 0 0 0   	0 0 0 0 0 0 0   	
3 3 4 4 4 0 0   	0 0 0 0 0 0 0   	0 0 0 0 0 0 0   	0 0 0 0 0 0 0   	
3 4 4 3 3 0 0   	0 0 0 0 0 0 0   	0 0 0 0 0 0 0   	0 0 0 0 0 0 0   	


2 2 2 2 3 4 4   	0 0 0 0 0 0 0   	0 0 0 0 0 1 1   	0 0 0 0 0 0 0   	
5 4 5 3 4 0 0   	0 0 0 0 0 0 0   	0 0 0 0 0 0 0   	0 0 0 0 0 0 0   	
3 3 3 4 4 0 0   	0 0 0 0 0 0 0   	0 0 0 0 0 0 0   	0 0 0 0 0 0 0   	
3 4 4 3 4 0 0   	0 0 0 0 0 0 0   	0 0 0 0 0 0 0   	0 0 0 0 0 0 0   	


3 2 2 2 2 3 3   	1 0 0 1 1 0 0   	0 0 0 0 0 1 1   	0 0 0 0 0 0 0   	
4 3 5 3 4 0 0   	0 0 0 0 0 0 0   	0 0 0 0 0 0 0   	0 0 0 0 0 0 0   	
3 4 3 4 3 0 0   	0 0 0 0 0 0 0   	0 0 0 0 0 0 0   	0 0 0 0 0 0 0   	
3 4 4 4 3 0 0   	0 0 0 0 0 0 0   	0 0 0 0 0 0 0   	0 0 0 0 0 0 0   	


2 2 3 2 2 3 3   	1 0 1 1 1 0 0   	0 0 0 0 0 1 1   	0 0 0 0 0 0 0   	
5 3 3 3 4 0 0   	0 0 0 0 0 0 0   	0 0 0 0 0 0 0   	0 0 0 0 0 0 0   	
4 4 4 4 3 0 0   	0 0 0 0 0 0 0   	0 0 0 0 0 0 0   	0 0 0 0 0 0 0   	
3 4 4 4 3 0 0   	0 0 0 0 0 0 0   	0 0 0 0 0 0 0   	0 0 0 0 0 0 0   	


Number of assistants assigned: block, PL, HB, BokB
2 2 1 2 1 3 3   	1 0 0 0 0 0 0   	0 0 0 0 0 0 0   	0 0 0 0 0 0 0   	
2 3 2 2 3 0 0   	0 0 0 0 0 0 0   	0 0 0 0 0 0 0   	0 0 0 0 0 0 0   	
2 3 3 2 2 0 0   	0 0 0 0 0 0 0   	0 0 0 0 0 0 0   	0 0 0 0 0 0 0   	
3 2 2 3 3 0 0   	0 0 0 0 0 0 0   	0 0 0 0 0 0 0   	0 0 0 0 0 0 0   	


0 2 1 2 1 3 3   	0 0 1 0 1 0 0   	0 0 0 0 0 0 0   	0 0 0 0 0 0 0   	
3 3 3 3 2 0 0   	0 0 0 0 0 0 0   	0 0 0 0 0 0 0   	0 0 0 0 0 0 0   	
3 3 2 2 2 0 0   	0 0 0 0 0 0 0   	0 0 0 0 0 0 0   	0 0 0 0 0 0 0   	
3 2 2 3 3 0 0   	0 0 0 0 0 0 0   	0 0 0 0 0 0 0   	0 0 0 0 0 0 0   	


2 2 2 2 1 2 2   	1 1 1 1 1 0 0   	0 0 0 0 0 0 0   	0 0 0 0 0 0 0   	
1 2 1 3 2 0 0   	0 0 0 0 0 0 0   	0 0 0 0 0 0 0   	0 0 0 0 0 0 0   	
3 2 3 2 2 0 0   	0 0 0 0 0 0 0   	0 0 0 0 0 0 0   	0 0 0 0 0 0 0   	
3 2 2 3 2 0 0   	0 0 0 0 0 0 0   	0 0 0 0 0 0 0   	0 0 0 0 0 0 0   	


1 2 2 2 2 3 3   	0 1 1 0 0 0 0   	0 0 0 0 0 0 0   	0 0 0 0 0 0 0   	
2 3 1 3 2 0 0   	0 0 0 0 0 0 0   	0 0 0 0 0 0 0   	0 0 0 0 0 0 0   	
3 1 3 2 3 0 0   	0 0 0 0 0 0 0   	0 0 0 0 0 0 0   	0 0 0 0 0 0 0   	
3 2 2 2 3 0 0   	0 0 0 0 0 0 0   	0 0 0 0 0 0 0   	0 0 0 0 0 0 0   	


2 2 1 2 2 3 3   	0 1 0 0 0 0 0   	0 0 0 0 0 0 0   	0 0 0 0 0 0 0   	
1 3 3 3 2 0 0   	0 0 0 0 0 0 0   	0 0 0 0 0 0 0   	0 0 0 0 0 0 0   	
2 2 2 2 3 0 0   	0 0 0 0 0 0 0   	0 0 0 0 0 0 0   	0 0 0 0 0 0 0   	
3 2 2 2 3 0 0   	0 0 0 0 0 0 0   	0 0 0 0 0 0 0   	0 0 0 0 0 0 0   	



*** Demand difference *** in the library for: block, PL, HB, BokB
Negative values means overstaffing, positive means lack of workers
0 0 0 0 0 -1 -1   	0 1 0 0 0 0 0   	0 0 0 0 0 1 1   	0 0 0 0 0 0 0   	
0 0 0 0 0 0 0   	0 0 0 0 0 0 0   	0 0 0 0 0 0 0   	0 0 0 0 0 0 0   	
0 0 0 0 0 0 0   	0 0 0 0 0 0 0   	0 0 0 0 0 0 0   	0 0 0 0 0 0 0   	
0 0 0 0 -1 0 0   	0 0 0 0 0 0 0   	0 0 0 0 0 0 0   	0 0 0 0 0 0 0   	


0 0 0 0 0 0 0   	0 0 0 0 0 0 0   	0 0 0 0 0 0 0   	0 0 0 0 0 0 0   	
0 0 0 0 0 0 0   	0 0 0 0 0 0 0   	0 0 0 0 0 0 0   	0 0 0 0 0 0 0   	
0 0 0 0 0 0 0   	0 0 0 0 0 0 0   	0 0 0 0 0 0 0   	0 0 0 0 0 0 0   	
0 0 0 0 0 0 0   	0 0 0 0 0 0 0   	0 0 0 0 0 0 0   	0 0 0 0 0 0 0   	


0 0 0 0 0 0 0   	0 0 0 0 0 0 0   	0 0 0 0 0 0 0   	0 0 0 0 0 0 0   	
0 0 0 0 0 0 0   	0 0 0 0 0 0 0   	0 0 0 0 0 0 0   	0 0 0 0 0 0 0   	
0 1 0 0 0 0 0   	0 0 0 0 0 0 0   	0 0 0 0 0 0 0   	0 0 0 0 0 0 0   	
0 0 0 0 0 0 0   	0 0 0 0 0 0 0   	0 0 0 0 0 0 0   	0 0 0 0 0 0 0   	


0 0 0 0 0 0 0   	0 0 0 0 0 0 0   	0 0 0 0 0 0 0   	0 0 0 0 0 0 0   	
0 0 0 0 0 0 0   	0 0 0 0 0 0 0   	0 0 0 0 0 0 0   	0 0 0 0 0 0 0   	
0 1 0 0 0 0 0   	0 0 0 0 0 0 0   	0 0 0 0 0 0 0   	0 0 0 0 0 0 0   	
0 0 0 0 0 0 0   	0 0 0 0 0 0 0   	0 0 0 0 0 0 0   	0 0 0 0 0 0 0   	


0 0 0 0 0 0 0   	0 0 0 0 0 0 0   	0 0 0 0 0 0 0   	0 0 0 0 0 0 0   	
0 0 0 0 0 0 0   	0 0 0 0 0 0 0   	0 0 0 0 0 0 0   	0 0 0 0 0 0 0   	
0 0 0 0 0 0 0   	0 0 0 0 0 0 0   	0 0 0 0 0 0 0   	0 0 0 0 0 0 0   	
0 0 0 0 0 0 0   	0 0 0 0 0 0 0   	0 0 0 0 0 0 0   	0 0 0 0 0 0 0   	


#PL for worker 1 is: 1
#PL for worker 2 is: 1
#PL for worker 3 is: 1
#PL for worker 5 is: 1
#PL for worker 6 is: 1
#PL for worker 7 is: 1
#PL for worker 8 is: 1
#PL for worker 10 is: 1
#PL for worker 13 is: 1
#PL for worker 14 is: 1
#PL for worker 17 is: 1
#PL for worker 18 is: 2
#PL for worker 19 is: 1
#PL for worker 20 is: 1
#PL for worker 24 is: 1
#PL for worker 25 is: 1
#PL for worker 27 is: 1
#PL for worker 29 is: 1
#PL for worker 30 is: 1
#PL for worker 31 is: 1
#PL for worker 33 is: 1
#PL for worker 34 is: 1
#PL for worker 35 is: 1
lib_per_rot = 4 4 5 4 4 
ass_per_rot = 3 3 2 3 3 
Stand-ins Week 0
6 3 3 2 2 
Libs
4 2 2 2 2 
Ass
2 1 1 0 0 

Stand-ins Week 1
0 2 3 1 0 
Libs
0 1 2 1 0 
Ass
0 1 1 0 0 

Stand-ins Week 2
3 4 6 4 4 
Libs
2 2 4 1 3 
Ass
1 2 2 3 1 

Stand-ins Week 3
5 5 6 4 4 
Libs
2 3 4 3 3 
Ass
3 2 2 1 1 

Stand-ins Week 4
5 2 8 5 5 
Libs
3 1 5 3 4 
Ass
2 1 3 2 1 

Max(min stand-in) for this solution is: 0
Total number of stand-ins: 92
demand_tot_cost = 3000
demand_lib_cost (too few or too many) = 0
demand_ass_cost = 0
demand_PL_cost = 1200
demand_HB_cost = 15000
demand_evening_cost = 0
PL_amount_cost = 0
no_weekend_cost = 0

total_eval_cost = 19200
total_stand_in_cost = -1
*total_cost* = 19199
Best solution so far is 19200
Time where new best solution found is: 2.86



***Best iteration number: 6***
Number of librarians assigned: block, PL, HB, BokB
2 2 3 2 3 3 3   	0 0 1 1 1 0 0   	0 0 0 0 0 1 1   	0 0 0 0 0 0 0   	
4 3 4 4 3 0 0   	0 0 0 0 0 0 0   	0 0 0 0 0 0 0   	0 0 0 0 0 0 0   	
4 4 3 4 3 0 0   	0 0 0 0 0 0 0   	0 0 0 0 0 0 0   	0 0 0 0 0 0 0   	
3 4 4 3 3 0 0   	0 0 0 0 0 0 0   	0 0 0 0 0 0 0   	0 0 0 0 0 0 0   	


4 2 3 2 3 3 3   	1 1 0 0 0 0 0   	0 0 0 0 0 1 1   	0 0 0 0 0 0 0   	
3 3 3 3 4 0 0   	0 0 0 0 0 0 0   	0 0 0 0 0 0 0   	0 0 0 0 0 0 0   	
3 3 4 4 4 0 0   	0 0 0 0 0 0 0   	0 0 0 0 0 0 0   	0 0 0 0 0 0 0   	
3 4 4 3 3 0 0   	0 0 0 0 0 0 0   	0 0 0 0 0 0 0   	0 0 0 0 0 0 0   	


2 2 2 2 3 4 4   	0 0 0 0 0 0 0   	0 0 0 0 0 1 1   	0 0 0 0 0 0 0   	
4 4 5 3 4 0 0   	0 0 0 0 0 0 0   	0 0 0 0 0 0 0   	0 0 0 0 0 0 0   	
4 4 3 4 4 0 0   	0 0 0 0 0 0 0   	0 0 0 0 0 0 0   	0 0 0 0 0 0 0   	
3 4 4 3 4 0 0   	0 0 0 0 0 0 0   	0 0 0 0 0 0 0   	0 0 0 0 0 0 0   	


3 2 2 2 2 3 3   	1 0 0 1 1 0 0   	0 0 0 0 0 1 1   	0 0 0 0 0 0 0   	
4 3 5 3 4 0 0   	0 0 0 0 0 0 0   	0 0 0 0 0 0 0   	0 0 0 0 0 0 0   	
3 5 3 4 3 0 0   	0 0 0 0 0 0 0   	0 0 0 0 0 0 0   	0 0 0 0 0 0 0   	
3 4 4 4 3 0 0   	0 0 0 0 0 0 0   	0 0 0 0 0 0 0   	0 0 0 0 0 0 0   	


2 2 3 2 2 3 3   	1 1 1 1 1 0 0   	0 0 0 0 0 1 1   	0 0 0 0 0 0 0   	
5 3 3 2 4 0 0   	0 0 0 0 0 0 0   	0 0 0 0 0 0 0   	0 0 0 0 0 0 0   	
4 4 4 4 3 0 0   	0 0 0 0 0 0 0   	0 0 0 0 0 0 0   	0 0 0 0 0 0 0   	
3 4 4 4 3 0 0   	0 0 0 0 0 0 0   	0 0 0 0 0 0 0   	0 0 0 0 0 0 0   	


Number of assistants assigned: block, PL, HB, BokB
2 2 1 2 1 3 3   	1 1 0 0 0 0 0   	0 0 0 0 0 0 0   	0 0 0 0 0 0 0   	
2 3 2 2 3 0 0   	0 0 0 0 0 0 0   	0 0 0 0 0 0 0   	0 0 0 0 0 0 0   	
2 2 3 2 1 0 0   	0 0 0 0 0 0 0   	0 0 0 0 0 0 0   	0 0 0 0 0 0 0   	
3 2 2 3 3 0 0   	0 0 0 0 0 0 0   	0 0 0 0 0 0 0   	0 0 0 0 0 0 0   	


0 2 1 2 1 3 3   	0 0 1 0 1 0 0   	0 0 0 0 0 0 0   	0 0 0 0 0 0 0   	
3 3 3 3 2 0 0   	0 0 0 0 0 0 0   	0 0 0 0 0 0 0   	0 0 0 0 0 0 0   	
3 3 2 2 2 0 0   	0 0 0 0 0 0 0   	0 0 0 0 0 0 0   	0 0 0 0 0 0 0   	
3 2 2 3 3 0 0   	0 0 0 0 0 0 0   	0 0 0 0 0 0 0   	0 0 0 0 0 0 0   	


2 2 2 2 1 2 2   	1 1 1 1 1 0 0   	0 0 0 0 0 0 0   	0 0 0 0 0 0 0   	
1 2 1 3 2 0 0   	0 0 0 0 0 0 0   	0 0 0 0 0 0 0   	0 0 0 0 0 0 0   	
2 2 3 2 2 0 0   	0 0 0 0 0 0 0   	0 0 0 0 0 0 0   	0 0 0 0 0 0 0   	
3 2 2 3 2 0 0   	0 0 0 0 0 0 0   	0 0 0 0 0 0 0   	0 0 0 0 0 0 0   	


1 2 2 2 2 3 3   	0 1 1 0 0 0 0   	0 0 0 0 0 0 0   	0 0 0 0 0 0 0   	
2 3 1 3 2 0 0   	0 0 0 0 0 0 0   	0 0 0 0 0 0 0   	0 0 0 0 0 0 0   	
3 1 3 2 3 0 0   	0 0 0 0 0 0 0   	0 0 0 0 0 0 0   	0 0 0 0 0 0 0   	
3 2 2 2 3 0 0   	0 0 0 0 0 0 0   	0 0 0 0 0 0 0   	0 0 0 0 0 0 0   	


2 2 1 2 2 3 3   	0 0 0 0 0 0 0   	0 0 0 0 0 0 0   	0 0 0 0 0 0 0   	
1 3 3 3 2 0 0   	0 0 0 0 0 0 0   	0 0 0 0 0 0 0   	0 0 0 0 0 0 0   	
2 2 2 2 3 0 0   	0 0 0 0 0 0 0   	0 0 0 0 0 0 0   	0 0 0 0 0 0 0   	
3 2 2 2 3 0 0   	0 0 0 0 0 0 0   	0 0 0 0 0 0 0   	0 0 0 0 0 0 0   	



*** Demand difference *** in the library for: block, PL, HB, BokB
Negative values means overstaffing, positive means lack of workers
0 0 0 0 0 0 0   	0 0 0 0 0 0 0   	0 0 0 0 0 0 0   	0 0 0 0 0 0 0   	
0 0 0 0 0 0 0   	0 0 0 0 0 0 0   	0 0 0 0 0 0 0   	0 0 0 0 0 0 0   	
0 0 0 0 2 0 0   	0 0 0 0 0 0 0   	0 0 0 0 0 0 0   	0 0 0 0 0 0 0   	
0 0 0 0 0 0 0   	0 0 0 0 0 0 0   	0 0 0 0 0 0 0   	0 0 0 0 0 0 0   	


0 0 0 0 0 0 0   	0 0 0 1 0 0 0   	0 0 0 0 0 0 0   	0 0 0 0 0 0 0   	
0 0 0 0 0 0 0   	0 0 0 0 0 0 0   	0 0 0 0 0 0 0   	0 0 0 0 0 0 0   	
0 0 0 0 0 0 0   	0 0 0 0 0 0 0   	0 0 0 0 0 0 0   	0 0 0 0 0 0 0   	
0 0 0 0 0 0 0   	0 0 0 0 0 0 0   	0 0 0 0 0 0 0   	0 0 0 0 0 0 0   	


0 0 0 0 0 0 0   	0 0 0 0 0 0 0   	0 0 0 0 0 0 0   	0 0 0 0 0 0 0   	
1 0 0 0 0 0 0   	0 0 0 0 0 0 0   	0 0 0 0 0 0 0   	0 0 0 0 0 0 0   	
0 0 0 0 0 0 0   	0 0 0 0 0 0 0   	0 0 0 0 0 0 0   	0 0 0 0 0 0 0   	
0 0 0 0 0 0 0   	0 0 0 0 0 0 0   	0 0 0 0 0 0 0   	0 0 0 0 0 0 0   	


0 0 0 0 0 0 0   	0 0 0 0 0 0 0   	0 0 0 0 0 0 0   	0 0 0 0 0 0 0   	
0 0 0 0 0 0 0   	0 0 0 0 0 0 0   	0 0 0 0 0 0 0   	0 0 0 0 0 0 0   	
0 0 0 0 0 0 0   	0 0 0 0 0 0 0   	0 0 0 0 0 0 0   	0 0 0 0 0 0 0   	
0 0 0 0 0 0 0   	0 0 0 0 0 0 0   	0 0 0 0 0 0 0   	0 0 0 0 0 0 0   	


0 0 0 0 0 0 0   	0 0 0 0 0 0 0   	0 0 0 0 0 0 0   	0 0 0 0 0 0 0   	
0 0 0 1 0 0 0   	0 0 0 0 0 0 0   	0 0 0 0 0 0 0   	0 0 0 0 0 0 0   	
0 0 0 0 0 0 0   	0 0 0 0 0 0 0   	0 0 0 0 0 0 0   	0 0 0 0 0 0 0   	
0 0 0 0 0 0 0   	0 0 0 0 0 0 0   	0 0 0 0 0 0 0   	0 0 0 0 0 0 0   	


#PL for worker 1 is: 1
#PL for worker 2 is: 1
#PL for worker 3 is: 1
#PL for worker 5 is: 1
#PL for worker 6 is: 1
#PL for worker 7 is: 1
#PL for worker 8 is: 1
#PL for worker 10 is: 1
#PL for worker 13 is: 1
#PL for worker 14 is: 1
#PL for worker 17 is: 1
#PL for worker 18 is: 2
#PL for worker 19 is: 1
#PL for worker 20 is: 1
#PL for worker 24 is: 1
#PL for worker 25 is: 1
#PL for worker 27 is: 1
#PL for worker 29 is: 1
#PL for worker 30 is: 1
#PL for worker 31 is: 1
#PL for worker 33 is: 1
#PL for worker 34 is: 1
#PL for worker 35 is: 1
lib_per_rot = 4 4 5 4 4 
ass_per_rot = 3 3 2 3 3 
Stand-ins Week 0
6 2 3 3 2 
Libs
4 1 2 3 2 
Ass
2 1 1 0 0 

Stand-ins Week 1
0 2 3 1 1 
Libs
0 0 2 1 0 
Ass
0 2 1 0 1 

Stand-ins Week 2
3 3 7 4 5 
Libs
2 1 5 2 3 
Ass
1 2 2 2 2 

Stand-ins Week 3
5 5 6 5 4 
Libs
2 3 4 4 3 
Ass
3 2 2 1 1 

Stand-ins Week 4
6 1 7 6 5 
Libs
3 0 4 3 5 
Ass
3 1 3 3 0 

Max(min stand-in) for this solution is: 0
Total number of stand-ins: 95
demand_tot_cost = 3200
demand_lib_cost (too few or too many) = 0
demand_ass_cost = 0
demand_PL_cost = 1200
demand_HB_cost = 0
demand_evening_cost = 0
PL_amount_cost = 0
no_weekend_cost = 0

total_eval_cost = 4400
total_stand_in_cost = -1
*total_cost* = 4399
Best solution so far is 4400
Time where new best solution found is: 3.33
Entering final phase!
PL_amount_cost is: 0
Number of librarians assigned: block, PL, HB, BokB
2 2 3 2 3 3 3   	0 0 1 1 1 0 0   	0 0 0 0 0 1 1   	0 0 0 0 0 0 0   	
4 3 4 4 3 0 0   	0 0 0 0 0 0 0   	0 0 0 0 0 0 0   	0 0 0 0 0 0 0   	
4 4 3 4 3 0 0   	0 0 0 0 0 0 0   	0 0 0 0 0 0 0   	0 0 0 0 0 0 0   	
3 4 4 3 3 0 0   	0 0 0 0 0 0 0   	0 0 0 0 0 0 0   	0 0 0 0 0 0 0   	


4 2 3 2 3 3 3   	1 1 0 0 0 0 0   	0 0 0 0 0 1 1   	0 0 0 0 0 0 0   	
3 3 3 3 4 0 0   	0 0 0 0 0 0 0   	0 0 0 0 0 0 0   	0 0 0 0 0 0 0   	
3 3 4 4 4 0 0   	0 0 0 0 0 0 0   	0 0 0 0 0 0 0   	0 0 0 0 0 0 0   	
3 4 4 3 3 0 0   	0 0 0 0 0 0 0   	0 0 0 0 0 0 0   	0 0 0 0 0 0 0   	


2 2 2 2 3 4 4   	0 0 0 0 0 0 0   	0 0 0 0 0 1 1   	0 0 0 0 0 0 0   	
4 4 5 3 4 0 0   	0 0 0 0 0 0 0   	0 0 0 0 0 0 0   	0 0 0 0 0 0 0   	
5 4 3 4 4 0 0   	0 0 0 0 0 0 0   	0 0 0 0 0 0 0   	0 0 0 0 0 0 0   	
3 4 4 3 4 0 0   	0 0 0 0 0 0 0   	0 0 0 0 0 0 0   	0 0 0 0 0 0 0   	


3 2 2 2 2 3 3   	1 0 0 1 1 0 0   	0 0 0 0 0 1 1   	0 0 0 0 0 0 0   	
4 3 5 3 4 0 0   	0 0 0 0 0 0 0   	0 0 0 0 0 0 0   	0 0 0 0 0 0 0   	
3 5 3 4 3 0 0   	0 0 0 0 0 0 0   	0 0 0 0 0 0 0   	0 0 0 0 0 0 0   	
3 4 4 4 3 0 0   	0 0 0 0 0 0 0   	0 0 0 0 0 0 0   	0 0 0 0 0 0 0   	


2 2 3 2 2 3 3   	1 1 1 1 1 0 0   	0 0 0 0 0 1 1   	0 0 0 0 0 0 0   	
4 3 3 3 4 0 0   	0 0 0 0 0 0 0   	0 0 0 0 0 0 0   	0 0 0 0 0 0 0   	
4 4 4 4 3 0 0   	0 0 0 0 0 0 0   	0 0 0 0 0 0 0   	0 0 0 0 0 0 0   	
3 4 4 4 3 0 0   	0 0 0 0 0 0 0   	0 0 0 0 0 0 0   	0 0 0 0 0 0 0   	


Number of assistants assigned: block, PL, HB, BokB
2 2 1 2 1 3 3   	1 1 0 0 0 0 0   	0 0 0 0 0 0 0   	0 0 0 0 0 0 0   	
2 3 2 2 3 0 0   	0 0 0 0 0 0 0   	0 0 0 0 0 0 0   	0 0 0 0 0 0 0   	
2 2 3 2 1 0 0   	0 0 0 0 0 0 0   	0 0 0 0 0 0 0   	0 0 0 0 0 0 0   	
3 2 2 3 3 0 0   	0 0 0 0 0 0 0   	0 0 0 0 0 0 0   	0 0 0 0 0 0 0   	


0 2 1 2 1 3 3   	0 0 1 0 1 0 0   	0 0 0 0 0 0 0   	0 0 0 0 0 0 0   	
3 3 3 3 2 0 0   	0 0 0 0 0 0 0   	0 0 0 0 0 0 0   	0 0 0 0 0 0 0   	
3 3 2 2 2 0 0   	0 0 0 0 0 0 0   	0 0 0 0 0 0 0   	0 0 0 0 0 0 0   	
3 2 2 3 3 0 0   	0 0 0 0 0 0 0   	0 0 0 0 0 0 0   	0 0 0 0 0 0 0   	


2 2 2 2 1 2 2   	1 1 1 1 1 0 0   	0 0 0 0 0 0 0   	0 0 0 0 0 0 0   	
2 2 1 3 2 0 0   	0 0 0 0 0 0 0   	0 0 0 0 0 0 0   	0 0 0 0 0 0 0   	
1 2 3 2 2 0 0   	0 0 0 0 0 0 0   	0 0 0 0 0 0 0   	0 0 0 0 0 0 0   	
3 2 2 3 2 0 0   	0 0 0 0 0 0 0   	0 0 0 0 0 0 0   	0 0 0 0 0 0 0   	


1 2 2 2 2 3 3   	0 1 1 0 0 0 0   	0 0 0 0 0 0 0   	0 0 0 0 0 0 0   	
2 3 1 3 2 0 0   	0 0 0 0 0 0 0   	0 0 0 0 0 0 0   	0 0 0 0 0 0 0   	
3 1 3 2 3 0 0   	0 0 0 0 0 0 0   	0 0 0 0 0 0 0   	0 0 0 0 0 0 0   	
3 2 2 2 3 0 0   	0 0 0 0 0 0 0   	0 0 0 0 0 0 0   	0 0 0 0 0 0 0   	


2 2 1 2 2 3 3   	0 0 0 0 0 0 0   	0 0 0 0 0 0 0   	0 0 0 0 0 0 0   	
2 3 3 3 1 0 0   	0 0 0 0 0 0 0   	0 0 0 0 0 0 0   	0 0 0 0 0 0 0   	
2 2 2 2 3 0 0   	0 0 0 0 0 0 0   	0 0 0 0 0 0 0   	0 0 0 0 0 0 0   	
3 2 2 2 3 0 0   	0 0 0 0 0 0 0   	0 0 0 0 0 0 0   	0 0 0 0 0 0 0   	



*** Demand difference *** in the library for: block, PL, HB, BokB
Negative values means overstaffing, positive means lack of workers
0 0 0 0 0 0 0   	0 0 0 0 0 0 0   	0 0 0 0 0 0 0   	0 0 0 0 0 0 0   	
0 0 0 0 0 0 0   	0 0 0 0 0 0 0   	0 0 0 0 0 0 0   	0 0 0 0 0 0 0   	
0 0 0 0 2 0 0   	0 0 0 0 0 0 0   	0 0 0 0 0 0 0   	0 0 0 0 0 0 0   	
0 0 0 0 0 0 0   	0 0 0 0 0 0 0   	0 0 0 0 0 0 0   	0 0 0 0 0 0 0   	


0 0 0 0 0 0 0   	0 0 0 1 0 0 0   	0 0 0 0 0 0 0   	0 0 0 0 0 0 0   	
0 0 0 0 0 0 0   	0 0 0 0 0 0 0   	0 0 0 0 0 0 0   	0 0 0 0 0 0 0   	
0 0 0 0 0 0 0   	0 0 0 0 0 0 0   	0 0 0 0 0 0 0   	0 0 0 0 0 0 0   	
0 0 0 0 0 0 0   	0 0 0 0 0 0 0   	0 0 0 0 0 0 0   	0 0 0 0 0 0 0   	


0 0 0 0 0 0 0   	0 0 0 0 0 0 0   	0 0 0 0 0 0 0   	0 0 0 0 0 0 0   	
0 0 0 0 0 0 0   	0 0 0 0 0 0 0   	0 0 0 0 0 0 0   	0 0 0 0 0 0 0   	
0 0 0 0 0 0 0   	0 0 0 0 0 0 0   	0 0 0 0 0 0 0   	0 0 0 0 0 0 0   	
0 0 0 0 0 0 0   	0 0 0 0 0 0 0   	0 0 0 0 0 0 0   	0 0 0 0 0 0 0   	


0 0 0 0 0 0 0   	0 0 0 0 0 0 0   	0 0 0 0 0 0 0   	0 0 0 0 0 0 0   	
0 0 0 0 0 0 0   	0 0 0 0 0 0 0   	0 0 0 0 0 0 0   	0 0 0 0 0 0 0   	
0 0 0 0 0 0 0   	0 0 0 0 0 0 0   	0 0 0 0 0 0 0   	0 0 0 0 0 0 0   	
0 0 0 0 0 0 0   	0 0 0 0 0 0 0   	0 0 0 0 0 0 0   	0 0 0 0 0 0 0   	


0 0 0 0 0 0 0   	0 0 0 0 0 0 0   	0 0 0 0 0 0 0   	0 0 0 0 0 0 0   	
0 0 0 0 1 0 0   	0 0 0 0 0 0 0   	0 0 0 0 0 0 0   	0 0 0 0 0 0 0   	
0 0 0 0 0 0 0   	0 0 0 0 0 0 0   	0 0 0 0 0 0 0   	0 0 0 0 0 0 0   	
0 0 0 0 0 0 0   	0 0 0 0 0 0 0   	0 0 0 0 0 0 0   	0 0 0 0 0 0 0   	


#PL for worker 1 is: 1
#PL for worker 2 is: 1
#PL for worker 3 is: 1
#PL for worker 5 is: 1
#PL for worker 6 is: 1
#PL for worker 7 is: 1
#PL for worker 8 is: 1
#PL for worker 10 is: 1
#PL for worker 13 is: 1
#PL for worker 14 is: 1
#PL for worker 17 is: 1
#PL for worker 18 is: 2
#PL for worker 19 is: 1
#PL for worker 20 is: 1
#PL for worker 24 is: 1
#PL for worker 25 is: 1
#PL for worker 27 is: 1
#PL for worker 29 is: 1
#PL for worker 30 is: 1
#PL for worker 31 is: 1
#PL for worker 33 is: 1
#PL for worker 34 is: 1
#PL for worker 35 is: 1
lib_per_rot = 4 4 5 4 4 
ass_per_rot = 3 3 2 3 3 
Stand-ins Week 0
6 2 3 3 2 
Libs
4 1 2 3 2 
Ass
2 1 1 0 0 

Stand-ins Week 1
0 2 3 1 1 
Libs
0 0 2 1 0 
Ass
0 2 1 0 1 

Stand-ins Week 2
3 3 7 4 5 
Libs
2 1 5 2 3 
Ass
1 2 2 2 2 

Stand-ins Week 3
3 5 6 5 5 
Libs
1 3 4 4 3 
Ass
2 2 2 1 2 

Stand-ins Week 4
6 1 7 6 5 
Libs
3 0 4 3 5 
Ass
3 1 3 3 0 

Max(min stand-in) for this solution is: 0
Total number of stand-ins: 94
demand_tot_cost = 2400
demand_lib_cost (too few or too many) = 0
demand_ass_cost = 0
demand_PL_cost = 1200
demand_HB_cost = 0
demand_evening_cost = 0
PL_amount_cost = 0
no_weekend_cost = 0

total_eval_cost = 3600
total_stand_in_cost = -1
*total_cost* = 3599
New solution found: 3600
Number of librarians assigned: block, PL, HB, BokB
2 2 3 2 3 3 3   	0 0 1 1 1 0 0   	0 0 0 0 0 1 1   	0 0 0 0 0 0 0   	
4 3 4 4 3 0 0   	0 0 0 0 0 0 0   	0 0 0 0 0 0 0   	0 0 0 0 0 0 0   	
4 4 3 4 3 0 0   	0 0 0 0 0 0 0   	0 0 0 0 0 0 0   	0 0 0 0 0 0 0   	
3 4 4 3 3 0 0   	0 0 0 0 0 0 0   	0 0 0 0 0 0 0   	0 0 0 0 0 0 0   	


4 2 3 2 3 3 3   	1 1 0 1 0 0 0   	0 0 0 0 0 1 1   	0 0 0 0 0 0 0   	
3 3 3 3 4 0 0   	0 0 0 0 0 0 0   	0 0 0 0 0 0 0   	0 0 0 0 0 0 0   	
3 3 4 3 4 0 0   	0 0 0 0 0 0 0   	0 0 0 0 0 0 0   	0 0 0 0 0 0 0   	
3 4 4 3 3 0 0   	0 0 0 0 0 0 0   	0 0 0 0 0 0 0   	0 0 0 0 0 0 0   	


2 2 2 2 3 4 4   	0 0 0 0 0 0 0   	0 0 0 0 0 1 1   	0 0 0 0 0 0 0   	
4 4 5 3 4 0 0   	0 0 0 0 0 0 0   	0 0 0 0 0 0 0   	0 0 0 0 0 0 0   	
5 4 3 4 4 0 0   	0 0 0 0 0 0 0   	0 0 0 0 0 0 0   	0 0 0 0 0 0 0   	
3 4 4 3 4 0 0   	0 0 0 0 0 0 0   	0 0 0 0 0 0 0   	0 0 0 0 0 0 0   	


3 2 2 2 2 3 3   	1 0 0 1 1 0 0   	0 0 0 0 0 1 1   	0 0 0 0 0 0 0   	
4 3 5 3 4 0 0   	0 0 0 0 0 0 0   	0 0 0 0 0 0 0   	0 0 0 0 0 0 0   	
3 5 3 4 3 0 0   	0 0 0 0 0 0 0   	0 0 0 0 0 0 0   	0 0 0 0 0 0 0   	
3 4 4 4 3 0 0   	0 0 0 0 0 0 0   	0 0 0 0 0 0 0   	0 0 0 0 0 0 0   	


2 2 3 2 2 3 3   	1 1 1 1 1 0 0   	0 0 0 0 0 1 1   	0 0 0 0 0 0 0   	
4 3 3 3 4 0 0   	0 0 0 0 0 0 0   	0 0 0 0 0 0 0   	0 0 0 0 0 0 0   	
4 4 4 4 3 0 0   	0 0 0 0 0 0 0   	0 0 0 0 0 0 0   	0 0 0 0 0 0 0   	
3 4 4 4 3 0 0   	0 0 0 0 0 0 0   	0 0 0 0 0 0 0   	0 0 0 0 0 0 0   	


Number of assistants assigned: block, PL, HB, BokB
2 2 1 2 1 3 3   	1 1 0 0 0 0 0   	0 0 0 0 0 0 0   	0 0 0 0 0 0 0   	
2 3 2 2 3 0 0   	0 0 0 0 0 0 0   	0 0 0 0 0 0 0   	0 0 0 0 0 0 0   	
2 2 3 2 1 0 0   	0 0 0 0 0 0 0   	0 0 0 0 0 0 0   	0 0 0 0 0 0 0   	
3 2 2 3 3 0 0   	0 0 0 0 0 0 0   	0 0 0 0 0 0 0   	0 0 0 0 0 0 0   	


0 2 1 2 1 3 3   	0 0 1 0 1 0 0   	0 0 0 0 0 0 0   	0 0 0 0 0 0 0   	
3 3 3 3 2 0 0   	0 0 0 0 0 0 0   	0 0 0 0 0 0 0   	0 0 0 0 0 0 0   	
3 3 2 2 2 0 0   	0 0 0 0 0 0 0   	0 0 0 0 0 0 0   	0 0 0 0 0 0 0   	
3 2 2 3 3 0 0   	0 0 0 0 0 0 0   	0 0 0 0 0 0 0   	0 0 0 0 0 0 0   	


2 2 2 2 1 2 2   	1 1 1 1 1 0 0   	0 0 0 0 0 0 0   	0 0 0 0 0 0 0   	
2 2 1 3 2 0 0   	0 0 0 0 0 0 0   	0 0 0 0 0 0 0   	0 0 0 0 0 0 0   	
1 2 3 2 2 0 0   	0 0 0 0 0 0 0   	0 0 0 0 0 0 0   	0 0 0 0 0 0 0   	
3 2 2 3 2 0 0   	0 0 0 0 0 0 0   	0 0 0 0 0 0 0   	0 0 0 0 0 0 0   	


1 2 2 2 2 3 3   	0 1 1 0 0 0 0   	0 0 0 0 0 0 0   	0 0 0 0 0 0 0   	
2 3 1 3 2 0 0   	0 0 0 0 0 0 0   	0 0 0 0 0 0 0   	0 0 0 0 0 0 0   	
3 1 3 2 3 0 0   	0 0 0 0 0 0 0   	0 0 0 0 0 0 0   	0 0 0 0 0 0 0   	
3 2 2 2 3 0 0   	0 0 0 0 0 0 0   	0 0 0 0 0 0 0   	0 0 0 0 0 0 0   	


2 2 1 2 2 3 3   	0 0 0 0 0 0 0   	0 0 0 0 0 0 0   	0 0 0 0 0 0 0   	
2 3 3 3 1 0 0   	0 0 0 0 0 0 0   	0 0 0 0 0 0 0   	0 0 0 0 0 0 0   	
2 2 2 2 3 0 0   	0 0 0 0 0 0 0   	0 0 0 0 0 0 0   	0 0 0 0 0 0 0   	
3 2 2 2 3 0 0   	0 0 0 0 0 0 0   	0 0 0 0 0 0 0   	0 0 0 0 0 0 0   	



*** Demand difference *** in the library for: block, PL, HB, BokB
Negative values means overstaffing, positive means lack of workers
0 0 0 0 0 0 0   	0 0 0 0 0 0 0   	0 0 0 0 0 0 0   	0 0 0 0 0 0 0   	
0 0 0 0 0 0 0   	0 0 0 0 0 0 0   	0 0 0 0 0 0 0   	0 0 0 0 0 0 0   	
0 0 0 0 2 0 0   	0 0 0 0 0 0 0   	0 0 0 0 0 0 0   	0 0 0 0 0 0 0   	
0 0 0 0 0 0 0   	0 0 0 0 0 0 0   	0 0 0 0 0 0 0   	0 0 0 0 0 0 0   	


0 0 0 0 0 0 0   	0 0 0 0 0 0 0   	0 0 0 0 0 0 0   	0 0 0 0 0 0 0   	
0 0 0 0 0 0 0   	0 0 0 0 0 0 0   	0 0 0 0 0 0 0   	0 0 0 0 0 0 0   	
0 0 0 1 0 0 0   	0 0 0 0 0 0 0   	0 0 0 0 0 0 0   	0 0 0 0 0 0 0   	
0 0 0 0 0 0 0   	0 0 0 0 0 0 0   	0 0 0 0 0 0 0   	0 0 0 0 0 0 0   	


0 0 0 0 0 0 0   	0 0 0 0 0 0 0   	0 0 0 0 0 0 0   	0 0 0 0 0 0 0   	
0 0 0 0 0 0 0   	0 0 0 0 0 0 0   	0 0 0 0 0 0 0   	0 0 0 0 0 0 0   	
0 0 0 0 0 0 0   	0 0 0 0 0 0 0   	0 0 0 0 0 0 0   	0 0 0 0 0 0 0   	
0 0 0 0 0 0 0   	0 0 0 0 0 0 0   	0 0 0 0 0 0 0   	0 0 0 0 0 0 0   	


0 0 0 0 0 0 0   	0 0 0 0 0 0 0   	0 0 0 0 0 0 0   	0 0 0 0 0 0 0   	
0 0 0 0 0 0 0   	0 0 0 0 0 0 0   	0 0 0 0 0 0 0   	0 0 0 0 0 0 0   	
0 0 0 0 0 0 0   	0 0 0 0 0 0 0   	0 0 0 0 0 0 0   	0 0 0 0 0 0 0   	
0 0 0 0 0 0 0   	0 0 0 0 0 0 0   	0 0 0 0 0 0 0   	0 0 0 0 0 0 0   	


0 0 0 0 0 0 0   	0 0 0 0 0 0 0   	0 0 0 0 0 0 0   	0 0 0 0 0 0 0   	
0 0 0 0 1 0 0   	0 0 0 0 0 0 0   	0 0 0 0 0 0 0   	0 0 0 0 0 0 0   	
0 0 0 0 0 0 0   	0 0 0 0 0 0 0   	0 0 0 0 0 0 0   	0 0 0 0 0 0 0   	
0 0 0 0 0 0 0   	0 0 0 0 0 0 0   	0 0 0 0 0 0 0   	0 0 0 0 0 0 0   	


#PL for worker 1 is: 1
#PL for worker 2 is: 1
#PL for worker 3 is: 1
#PL for worker 5 is: 1
#PL for worker 6 is: 1
#PL for worker 7 is: 1
#PL for worker 8 is: 1
#PL for worker 10 is: 1
#PL for worker 13 is: 1
#PL for worker 14 is: 1
#PL for worker 17 is: 1
#PL for worker 18 is: 2
#PL for worker 19 is: 1
#PL for worker 20 is: 1
#PL for worker 24 is: 1
#PL for worker 25 is: 1
#PL for worker 27 is: 1
#PL for worker 29 is: 1
#PL for worker 30 is: 1
#PL for worker 31 is: 1
#PL for worker 33 is: 1
#PL for worker 34 is: 1
#PL for worker 35 is: 1
#PL for worker 37 is: 1
lib_per_rot = 4 4 5 4 4 
ass_per_rot = 3 3 2 3 3 
Stand-ins Week 0
6 2 3 3 2 
Libs
4 1 2 3 2 
Ass
2 1 1 0 0 

Stand-ins Week 1
0 2 3 1 1 
Libs
0 0 2 1 0 
Ass
0 2 1 0 1 

Stand-ins Week 2
3 3 7 4 5 
Libs
2 1 5 2 3 
Ass
1 2 2 2 2 

Stand-ins Week 3
3 5 6 5 5 
Libs
1 3 4 4 3 
Ass
2 2 2 1 2 

Stand-ins Week 4
6 1 7 6 5 
Libs
3 0 4 3 5 
Ass
3 1 3 3 0 

Max(min stand-in) for this solution is: 0
Total number of stand-ins: 94
demand_tot_cost = 3200
demand_lib_cost (too few or too many) = 0
demand_ass_cost = 0
demand_PL_cost = 0
demand_HB_cost = 0
demand_evening_cost = 0
PL_amount_cost = 0
no_weekend_cost = 0

total_eval_cost = 3200
total_stand_in_cost = -1
*total_cost* = 3199
New solution found: 3200
Number of librarians assigned: block, PL, HB, BokB
2 2 3 2 3 3 3   	0 0 1 1 1 0 0   	0 0 0 0 0 1 1   	0 0 0 0 0 0 0   	
4 3 4 4 3 0 0   	0 0 0 0 0 0 0   	0 0 0 0 0 0 0   	0 0 0 0 0 0 0   	
4 4 3 4 3 0 0   	0 0 0 0 0 0 0   	0 0 0 0 0 0 0   	0 0 0 0 0 0 0   	
3 4 4 3 3 0 0   	0 0 0 0 0 0 0   	0 0 0 0 0 0 0   	0 0 0 0 0 0 0   	


4 2 3 2 3 3 3   	1 1 0 1 0 0 0   	0 0 0 0 0 1 1   	0 0 0 0 0 0 0   	
3 3 3 3 4 0 0   	0 0 0 0 0 0 0   	0 0 0 0 0 0 0   	0 0 0 0 0 0 0   	
3 3 4 4 4 0 0   	0 0 0 0 0 0 0   	0 0 0 0 0 0 0   	0 0 0 0 0 0 0   	
3 4 4 3 3 0 0   	0 0 0 0 0 0 0   	0 0 0 0 0 0 0   	0 0 0 0 0 0 0   	


2 2 2 2 3 4 4   	0 0 0 0 0 0 0   	0 0 0 0 0 1 1   	0 0 0 0 0 0 0   	
4 4 5 3 4 0 0   	0 0 0 0 0 0 0   	0 0 0 0 0 0 0   	0 0 0 0 0 0 0   	
5 4 3 4 4 0 0   	0 0 0 0 0 0 0   	0 0 0 0 0 0 0   	0 0 0 0 0 0 0   	
3 4 4 3 4 0 0   	0 0 0 0 0 0 0   	0 0 0 0 0 0 0   	0 0 0 0 0 0 0   	


3 2 2 2 2 3 3   	1 0 0 1 1 0 0   	0 0 0 0 0 1 1   	0 0 0 0 0 0 0   	
4 3 5 3 4 0 0   	0 0 0 0 0 0 0   	0 0 0 0 0 0 0   	0 0 0 0 0 0 0   	
3 5 3 4 3 0 0   	0 0 0 0 0 0 0   	0 0 0 0 0 0 0   	0 0 0 0 0 0 0   	
3 4 4 4 3 0 0   	0 0 0 0 0 0 0   	0 0 0 0 0 0 0   	0 0 0 0 0 0 0   	


2 2 3 2 2 3 3   	1 1 1 1 1 0 0   	0 0 0 0 0 1 1   	0 0 0 0 0 0 0   	
4 3 3 3 4 0 0   	0 0 0 0 0 0 0   	0 0 0 0 0 0 0   	0 0 0 0 0 0 0   	
4 4 4 4 3 0 0   	0 0 0 0 0 0 0   	0 0 0 0 0 0 0   	0 0 0 0 0 0 0   	
3 4 4 4 3 0 0   	0 0 0 0 0 0 0   	0 0 0 0 0 0 0   	0 0 0 0 0 0 0   	


Number of assistants assigned: block, PL, HB, BokB
2 2 1 2 1 3 3   	1 1 0 0 0 0 0   	0 0 0 0 0 0 0   	0 0 0 0 0 0 0   	
2 3 2 2 3 0 0   	0 0 0 0 0 0 0   	0 0 0 0 0 0 0   	0 0 0 0 0 0 0   	
2 2 3 2 1 0 0   	0 0 0 0 0 0 0   	0 0 0 0 0 0 0   	0 0 0 0 0 0 0   	
3 2 2 3 3 0 0   	0 0 0 0 0 0 0   	0 0 0 0 0 0 0   	0 0 0 0 0 0 0   	


0 2 1 2 1 3 3   	0 0 1 0 1 0 0   	0 0 0 0 0 0 0   	0 0 0 0 0 0 0   	
3 3 3 3 2 0 0   	0 0 0 0 0 0 0   	0 0 0 0 0 0 0   	0 0 0 0 0 0 0   	
3 3 2 2 2 0 0   	0 0 0 0 0 0 0   	0 0 0 0 0 0 0   	0 0 0 0 0 0 0   	
3 2 2 3 3 0 0   	0 0 0 0 0 0 0   	0 0 0 0 0 0 0   	0 0 0 0 0 0 0   	


2 2 2 2 1 2 2   	1 1 1 1 1 0 0   	0 0 0 0 0 0 0   	0 0 0 0 0 0 0   	
2 2 1 3 2 0 0   	0 0 0 0 0 0 0   	0 0 0 0 0 0 0   	0 0 0 0 0 0 0   	
1 2 3 2 2 0 0   	0 0 0 0 0 0 0   	0 0 0 0 0 0 0   	0 0 0 0 0 0 0   	
3 2 2 3 2 0 0   	0 0 0 0 0 0 0   	0 0 0 0 0 0 0   	0 0 0 0 0 0 0   	


1 2 2 2 2 3 3   	0 1 1 0 0 0 0   	0 0 0 0 0 0 0   	0 0 0 0 0 0 0   	
2 3 1 3 2 0 0   	0 0 0 0 0 0 0   	0 0 0 0 0 0 0   	0 0 0 0 0 0 0   	
3 1 3 2 3 0 0   	0 0 0 0 0 0 0   	0 0 0 0 0 0 0   	0 0 0 0 0 0 0   	
3 2 2 2 3 0 0   	0 0 0 0 0 0 0   	0 0 0 0 0 0 0   	0 0 0 0 0 0 0   	


2 2 1 2 2 3 3   	0 0 0 0 0 0 0   	0 0 0 0 0 0 0   	0 0 0 0 0 0 0   	
2 3 3 3 1 0 0   	0 0 0 0 0 0 0   	0 0 0 0 0 0 0   	0 0 0 0 0 0 0   	
2 2 2 2 3 0 0   	0 0 0 0 0 0 0   	0 0 0 0 0 0 0   	0 0 0 0 0 0 0   	
3 2 2 2 3 0 0   	0 0 0 0 0 0 0   	0 0 0 0 0 0 0   	0 0 0 0 0 0 0   	



*** Demand difference *** in the library for: block, PL, HB, BokB
Negative values means overstaffing, positive means lack of workers
0 0 0 0 0 0 0   	0 0 0 0 0 0 0   	0 0 0 0 0 0 0   	0 0 0 0 0 0 0   	
0 0 0 0 0 0 0   	0 0 0 0 0 0 0   	0 0 0 0 0 0 0   	0 0 0 0 0 0 0   	
0 0 0 0 2 0 0   	0 0 0 0 0 0 0   	0 0 0 0 0 0 0   	0 0 0 0 0 0 0   	
0 0 0 0 0 0 0   	0 0 0 0 0 0 0   	0 0 0 0 0 0 0   	0 0 0 0 0 0 0   	


0 0 0 0 0 0 0   	0 0 0 0 0 0 0   	0 0 0 0 0 0 0   	0 0 0 0 0 0 0   	
0 0 0 0 0 0 0   	0 0 0 0 0 0 0   	0 0 0 0 0 0 0   	0 0 0 0 0 0 0   	
0 0 0 0 0 0 0   	0 0 0 0 0 0 0   	0 0 0 0 0 0 0   	0 0 0 0 0 0 0   	
0 0 0 0 0 0 0   	0 0 0 0 0 0 0   	0 0 0 0 0 0 0   	0 0 0 0 0 0 0   	


0 0 0 0 0 0 0   	0 0 0 0 0 0 0   	0 0 0 0 0 0 0   	0 0 0 0 0 0 0   	
0 0 0 0 0 0 0   	0 0 0 0 0 0 0   	0 0 0 0 0 0 0   	0 0 0 0 0 0 0   	
0 0 0 0 0 0 0   	0 0 0 0 0 0 0   	0 0 0 0 0 0 0   	0 0 0 0 0 0 0   	
0 0 0 0 0 0 0   	0 0 0 0 0 0 0   	0 0 0 0 0 0 0   	0 0 0 0 0 0 0   	


0 0 0 0 0 0 0   	0 0 0 0 0 0 0   	0 0 0 0 0 0 0   	0 0 0 0 0 0 0   	
0 0 0 0 0 0 0   	0 0 0 0 0 0 0   	0 0 0 0 0 0 0   	0 0 0 0 0 0 0   	
0 0 0 0 0 0 0   	0 0 0 0 0 0 0   	0 0 0 0 0 0 0   	0 0 0 0 0 0 0   	
0 0 0 0 0 0 0   	0 0 0 0 0 0 0   	0 0 0 0 0 0 0   	0 0 0 0 0 0 0   	


0 0 0 0 0 0 0   	0 0 0 0 0 0 0   	0 0 0 0 0 0 0   	0 0 0 0 0 0 0   	
0 0 0 0 1 0 0   	0 0 0 0 0 0 0   	0 0 0 0 0 0 0   	0 0 0 0 0 0 0   	
0 0 0 0 0 0 0   	0 0 0 0 0 0 0   	0 0 0 0 0 0 0   	0 0 0 0 0 0 0   	
0 0 0 0 0 0 0   	0 0 0 0 0 0 0   	0 0 0 0 0 0 0   	0 0 0 0 0 0 0   	


#PL for worker 1 is: 1
#PL for worker 2 is: 1
#PL for worker 3 is: 1
#PL for worker 5 is: 1
#PL for worker 6 is: 1
#PL for worker 7 is: 1
#PL for worker 8 is: 1
#PL for worker 10 is: 1
#PL for worker 13 is: 1
#PL for worker 14 is: 1
#PL for worker 17 is: 1
#PL for worker 18 is: 2
#PL for worker 19 is: 1
#PL for worker 20 is: 1
#PL for worker 24 is: 1
#PL for worker 25 is: 1
#PL for worker 27 is: 1
#PL for worker 29 is: 1
#PL for worker 30 is: 1
#PL for worker 31 is: 1
#PL for worker 33 is: 1
#PL for worker 34 is: 1
#PL for worker 35 is: 1
#PL for worker 37 is: 1
lib_per_rot = 4 4 5 4 4 
ass_per_rot = 3 3 2 3 3 
Stand-ins Week 0
6 2 3 3 2 
Libs
4 1 2 3 2 
Ass
2 1 1 0 0 

Stand-ins Week 1
0 2 3 1 1 
Libs
0 0 2 1 0 
Ass
0 2 1 0 1 

Stand-ins Week 2
3 3 7 4 5 
Libs
2 1 5 2 3 
Ass
1 2 2 2 2 

Stand-ins Week 3
3 5 6 5 5 
Libs
1 3 4 4 3 
Ass
2 2 2 1 2 

Stand-ins Week 4
6 1 7 6 5 
Libs
3 0 4 3 5 
Ass
3 1 3 3 0 

Max(min stand-in) for this solution is: 0
Total number of stand-ins: 94
demand_tot_cost = 2400
demand_lib_cost (too few or too many) = 0
demand_ass_cost = 0
demand_PL_cost = 0
demand_HB_cost = 0
demand_evening_cost = 0
PL_amount_cost = 0
no_weekend_cost = 0

total_eval_cost = 2400
total_stand_in_cost = -1
*total_cost* = 2399
New solution found: 2400
Number of librarians assigned: block, PL, HB, BokB
2 2 3 2 3 3 3   	0 0 1 1 1 0 0   	0 0 0 0 0 1 1   	0 0 0 0 0 0 0   	
4 3 4 4 3 0 0   	0 0 0 0 0 0 0   	0 0 0 0 0 0 0   	0 0 0 0 0 0 0   	
4 4 3 4 3 0 0   	0 0 0 0 0 0 0   	0 0 0 0 0 0 0   	0 0 0 0 0 0 0   	
3 4 4 3 3 0 0   	0 0 0 0 0 0 0   	0 0 0 0 0 0 0   	0 0 0 0 0 0 0   	


4 2 3 2 3 3 3   	1 1 0 1 0 0 0   	0 0 0 0 0 1 1   	0 0 0 0 0 0 0   	
3 3 3 3 4 0 0   	0 0 0 0 0 0 0   	0 0 0 0 0 0 0   	0 0 0 0 0 0 0   	
3 3 4 4 4 0 0   	0 0 0 0 0 0 0   	0 0 0 0 0 0 0   	0 0 0 0 0 0 0   	
3 4 4 3 3 0 0   	0 0 0 0 0 0 0   	0 0 0 0 0 0 0   	0 0 0 0 0 0 0   	


2 2 2 2 3 4 4   	0 0 0 0 0 0 0   	0 0 0 0 0 1 1   	0 0 0 0 0 0 0   	
4 4 5 3 4 0 0   	0 0 0 0 0 0 0   	0 0 0 0 0 0 0   	0 0 0 0 0 0 0   	
5 4 3 4 4 0 0   	0 0 0 0 0 0 0   	0 0 0 0 0 0 0   	0 0 0 0 0 0 0   	
3 4 4 3 4 0 0   	0 0 0 0 0 0 0   	0 0 0 0 0 0 0   	0 0 0 0 0 0 0   	


3 2 2 2 2 3 3   	1 0 0 1 1 0 0   	0 0 0 0 0 1 1   	0 0 0 0 0 0 0   	
4 3 5 3 4 0 0   	0 0 0 0 0 0 0   	0 0 0 0 0 0 0   	0 0 0 0 0 0 0   	
3 5 3 4 3 0 0   	0 0 0 0 0 0 0   	0 0 0 0 0 0 0   	0 0 0 0 0 0 0   	
3 4 4 4 3 0 0   	0 0 0 0 0 0 0   	0 0 0 0 0 0 0   	0 0 0 0 0 0 0   	


2 2 3 2 2 3 3   	1 1 1 1 1 0 0   	0 0 0 0 0 1 1   	0 0 0 0 0 0 0   	
4 3 3 3 5 0 0   	0 0 0 0 0 0 0   	0 0 0 0 0 0 0   	0 0 0 0 0 0 0   	
4 4 4 4 3 0 0   	0 0 0 0 0 0 0   	0 0 0 0 0 0 0   	0 0 0 0 0 0 0   	
3 4 4 4 3 0 0   	0 0 0 0 0 0 0   	0 0 0 0 0 0 0   	0 0 0 0 0 0 0   	


Number of assistants assigned: block, PL, HB, BokB
2 2 1 2 1 3 3   	1 1 0 0 0 0 0   	0 0 0 0 0 0 0   	0 0 0 0 0 0 0   	
2 3 2 2 3 0 0   	0 0 0 0 0 0 0   	0 0 0 0 0 0 0   	0 0 0 0 0 0 0   	
2 2 3 2 1 0 0   	0 0 0 0 0 0 0   	0 0 0 0 0 0 0   	0 0 0 0 0 0 0   	
3 2 2 3 3 0 0   	0 0 0 0 0 0 0   	0 0 0 0 0 0 0   	0 0 0 0 0 0 0   	


0 2 1 2 1 3 3   	0 0 1 0 1 0 0   	0 0 0 0 0 0 0   	0 0 0 0 0 0 0   	
3 3 3 3 2 0 0   	0 0 0 0 0 0 0   	0 0 0 0 0 0 0   	0 0 0 0 0 0 0   	
3 3 2 2 2 0 0   	0 0 0 0 0 0 0   	0 0 0 0 0 0 0   	0 0 0 0 0 0 0   	
3 2 2 3 3 0 0   	0 0 0 0 0 0 0   	0 0 0 0 0 0 0   	0 0 0 0 0 0 0   	


2 2 2 2 1 2 2   	1 1 1 1 1 0 0   	0 0 0 0 0 0 0   	0 0 0 0 0 0 0   	
2 2 1 3 2 0 0   	0 0 0 0 0 0 0   	0 0 0 0 0 0 0   	0 0 0 0 0 0 0   	
1 2 3 2 2 0 0   	0 0 0 0 0 0 0   	0 0 0 0 0 0 0   	0 0 0 0 0 0 0   	
3 2 2 3 2 0 0   	0 0 0 0 0 0 0   	0 0 0 0 0 0 0   	0 0 0 0 0 0 0   	


1 2 2 2 2 3 3   	0 1 1 0 0 0 0   	0 0 0 0 0 0 0   	0 0 0 0 0 0 0   	
2 3 1 3 2 0 0   	0 0 0 0 0 0 0   	0 0 0 0 0 0 0   	0 0 0 0 0 0 0   	
3 1 3 2 3 0 0   	0 0 0 0 0 0 0   	0 0 0 0 0 0 0   	0 0 0 0 0 0 0   	
3 2 2 2 3 0 0   	0 0 0 0 0 0 0   	0 0 0 0 0 0 0   	0 0 0 0 0 0 0   	


2 2 1 2 2 3 3   	0 0 0 0 0 0 0   	0 0 0 0 0 0 0   	0 0 0 0 0 0 0   	
2 3 3 3 1 0 0   	0 0 0 0 0 0 0   	0 0 0 0 0 0 0   	0 0 0 0 0 0 0   	
2 2 2 2 3 0 0   	0 0 0 0 0 0 0   	0 0 0 0 0 0 0   	0 0 0 0 0 0 0   	
3 2 2 2 3 0 0   	0 0 0 0 0 0 0   	0 0 0 0 0 0 0   	0 0 0 0 0 0 0   	



*** Demand difference *** in the library for: block, PL, HB, BokB
Negative values means overstaffing, positive means lack of workers
0 0 0 0 0 0 0   	0 0 0 0 0 0 0   	0 0 0 0 0 0 0   	0 0 0 0 0 0 0   	
0 0 0 0 0 0 0   	0 0 0 0 0 0 0   	0 0 0 0 0 0 0   	0 0 0 0 0 0 0   	
0 0 0 0 2 0 0   	0 0 0 0 0 0 0   	0 0 0 0 0 0 0   	0 0 0 0 0 0 0   	
0 0 0 0 0 0 0   	0 0 0 0 0 0 0   	0 0 0 0 0 0 0   	0 0 0 0 0 0 0   	


0 0 0 0 0 0 0   	0 0 0 0 0 0 0   	0 0 0 0 0 0 0   	0 0 0 0 0 0 0   	
0 0 0 0 0 0 0   	0 0 0 0 0 0 0   	0 0 0 0 0 0 0   	0 0 0 0 0 0 0   	
0 0 0 0 0 0 0   	0 0 0 0 0 0 0   	0 0 0 0 0 0 0   	0 0 0 0 0 0 0   	
0 0 0 0 0 0 0   	0 0 0 0 0 0 0   	0 0 0 0 0 0 0   	0 0 0 0 0 0 0   	


0 0 0 0 0 0 0   	0 0 0 0 0 0 0   	0 0 0 0 0 0 0   	0 0 0 0 0 0 0   	
0 0 0 0 0 0 0   	0 0 0 0 0 0 0   	0 0 0 0 0 0 0   	0 0 0 0 0 0 0   	
0 0 0 0 0 0 0   	0 0 0 0 0 0 0   	0 0 0 0 0 0 0   	0 0 0 0 0 0 0   	
0 0 0 0 0 0 0   	0 0 0 0 0 0 0   	0 0 0 0 0 0 0   	0 0 0 0 0 0 0   	


0 0 0 0 0 0 0   	0 0 0 0 0 0 0   	0 0 0 0 0 0 0   	0 0 0 0 0 0 0   	
0 0 0 0 0 0 0   	0 0 0 0 0 0 0   	0 0 0 0 0 0 0   	0 0 0 0 0 0 0   	
0 0 0 0 0 0 0   	0 0 0 0 0 0 0   	0 0 0 0 0 0 0   	0 0 0 0 0 0 0   	
0 0 0 0 0 0 0   	0 0 0 0 0 0 0   	0 0 0 0 0 0 0   	0 0 0 0 0 0 0   	


0 0 0 0 0 0 0   	0 0 0 0 0 0 0   	0 0 0 0 0 0 0   	0 0 0 0 0 0 0   	
0 0 0 0 0 0 0   	0 0 0 0 0 0 0   	0 0 0 0 0 0 0   	0 0 0 0 0 0 0   	
0 0 0 0 0 0 0   	0 0 0 0 0 0 0   	0 0 0 0 0 0 0   	0 0 0 0 0 0 0   	
0 0 0 0 0 0 0   	0 0 0 0 0 0 0   	0 0 0 0 0 0 0   	0 0 0 0 0 0 0   	


#PL for worker 1 is: 1
#PL for worker 2 is: 1
#PL for worker 3 is: 1
#PL for worker 5 is: 1
#PL for worker 6 is: 1
#PL for worker 7 is: 1
#PL for worker 8 is: 1
#PL for worker 10 is: 1
#PL for worker 13 is: 1
#PL for worker 14 is: 1
#PL for worker 17 is: 1
#PL for worker 18 is: 2
#PL for worker 19 is: 1
#PL for worker 20 is: 1
#PL for worker 24 is: 1
#PL for worker 25 is: 1
#PL for worker 27 is: 1
#PL for worker 29 is: 1
#PL for worker 30 is: 1
#PL for worker 31 is: 1
#PL for worker 33 is: 1
#PL for worker 34 is: 1
#PL for worker 35 is: 1
#PL for worker 37 is: 1
lib_per_rot = 4 4 5 4 4 
ass_per_rot = 3 3 2 3 3 
Stand-ins Week 0
6 2 3 3 2 
Libs
4 1 2 3 2 
Ass
2 1 1 0 0 

Stand-ins Week 1
0 2 3 1 1 
Libs
0 0 2 1 0 
Ass
0 2 1 0 1 

Stand-ins Week 2
3 3 7 4 5 
Libs
2 1 5 2 3 
Ass
1 2 2 2 2 

Stand-ins Week 3
3 5 6 5 4 
Libs
1 3 4 4 2 
Ass
2 2 2 1 2 

Stand-ins Week 4
6 1 7 6 5 
Libs
3 0 4 3 5 
Ass
3 1 3 3 0 

Max(min stand-in) for this solution is: 0
Total number of stand-ins: 93
demand_tot_cost = 1600
demand_lib_cost (too few or too many) = 0
demand_ass_cost = 0
demand_PL_cost = 0
demand_HB_cost = 0
demand_evening_cost = 0
PL_amount_cost = 0
no_weekend_cost = 0

total_eval_cost = 1600
total_stand_in_cost = -1
*total_cost* = 1599
New solution found: 1600
